5613
5258
3205
2960
2944
2937
2883
2942
2941
2937
3128
2847
2938
2864
3023
2905
2897
2949
2984
2843
2904
2862
2934
2884
2806
2874
2846
2943
2902
2934
2955
3011
2939
3059
2998
2934
3155
2918
3123
2896
2890
2886
2847
2923
2841
2945
2843
3028
2933
2963
2889
2985
2884
2860
2907
2802
3098
2864
2913
2952
2911
2964
2991
2963
2875
2910
2907
3621
2848
2950
2997
2880
2962
2859
2972
2849
2966
2934
3054
2813
3415
2893
3136
2938
2923
2960
2995
3015
2916
2945
2961
3040
2819
2950
2927
2913
2855
2903
2926
2866
2834
302484