35743
5590
1408
1329
1279
1315
1287
1232
1246
1298
1217
1266
1322
1283
1351
1308
1249
1276
1280
1333
1314
1257
1328
1317
1316
1317
1304
1314
1282
1264
1300
1265
1304
1299
1275
1316
1316
1275
1338
1369
1294
1292
1378
1363
1378
1302
1476
1428
1329
1343
4916
1939
1313
1296
1658
1530
1349
1336
1354
1321
1291
1315
1285
1303
1303
1322
1312
1352
1320
1357
1339
1316
1334
1334
1348
1331
1346
1334
1359
1444
1373
1426
1486
1364
1387
1410
1427
1477
1336
1346
1392
1361
1393
1399
1372
1381
1414
1379
1408
1396
1460
178309