1499
1621
1402
1292
1286
1277
1291
1301
1298
1269
1336
1399
1358
1323
1326
1351
1392
1344
1326
1819
1482
1387
1255
1303
1252
1282
1296
1271
1233
1226
1234
1296
1303
1371
1258
1205
1282
1275
1252
1269
1282
1218
1188
1212
1265
1198
1239
1212
1232
1301
1217
1258
1205
1197
1254
1252
1205
1263
1266
1230
1253
1227
1200
1147
1175
1216
1201
1215
1254
1191
1239
1230
1144
1128
1167
1213
1102
1198
1202
1119
1130
1242
1140
1196
1184
1160
1141
1191
1139
1158
1102
1182
1164
1112
1142
1147
1069
1068
1022
1044
1066
1155
1140
1097
1074
1125
1062
1092
1138
1113
1093
1046
1036
1063
1031
1065
1079
1002
1032
1132
1091
1152
989
1030
1166
1080
1050
1033
1008
1143
1029
1032
965
989
1059
1059
965
1041
1004
997
1032
967
1067
975
942
2129
929
1308
1143
936
979
1905
1681
1358
1059
1215
1079
1030
965
1142
1125
1027
988
1150
1050
1141
985
1101
998
999
963
1102
967
1093
1026
2752
1174
1051
26713
1388
1585
1438
1369
1361
1449
1127
914
932
1011
912
959
964
982
928
938
919
994
914
935
916
977
939
931
892
915
903
863
913
944
958
899
980
947
864
875
886
906
924
829
824
952
872
838
845
873
838
864
858
885
804
854
825
845
827
847
784
970
883
847
771
878
934
815
786
865
780
18179
1147
976
801
899
801
860
762
772
788
853
779
777
758
831
762
781
730
832
730
755
740
825
710
764
733
811
701
736
735
777
740
743
718
767
679
707
696
765
686
722
685
730
650
705
656
713
645
685
667
730
659
713
631
678
673
634
746
608
661
613
727
635
645
612
707
607
627
579
705
593
608
579
684
593
605
620
689
592
576
566
649
590
578
549
614
548
556
575
640
568
590
566
602
531
587
557
613
656
593
413
588
587
473
427
594
530
459
435
575
587
426
433
551
619
450
425
595
499
457
431
560
504
391
414
520
528
381
411
551
490
418
409
533
482
418
384
503
490
382
333
508
529
409
343
500
573
374
330
458
434
264
305
516
410
348
344
316
414641