28572
7761
6575
6656
6364
6666
6369
6544
6473
6431
6519
25695
6672
6867
6639
6679
6699
6745
6650
6738
6742
6828
6725
6838
6812
7026
6819
6920
6831
6913
6787
6908
6805
7068
6812
6707
6722
6994
6642
6710
7155
6759
6811
6848
6713
6675
17944
13156
7239
7103
6856
6898
6888
6728
6716
6717
6954
6938
6936
6763
7007
6752
6909
7055
6963
6896
6851
6886
6692
6917
6892
6912
6776
6917
6834
6948
6864
6878
6884
6892
7179
6697
6935
6912
6831
7153
7980
6764
7102
6896
7210
8982
8743
6859
7040
6965
6825
6989
8265
6947
28395
20302
16379
7990
6352
16920
7437
7237
6841
6769
6940
31604
9496
7863
6863
6965
6920
6881
6838
7029
8068
6795
7000
6883
7048
7089
6973
6977
6921
6873
6956
6881
6959
7324
6845
7039
7296
6921
6866
7011
7038
6973
7041
6870
6825
7046
7462
7326
6983
7041
7107
6968
6960
7000
7207
7081
7027
7112
7581
7042
7039
7051
6951
7056
7069
6993
7383
7152
7316
7175
8340
6993
7083
7229
7832
23418
7396
7142
7632
31568
22964
7435
7066
6961
7160
7270
7008
7041
9001
7051
7211
6976
7077
7091
7161
7170
7204
7074
7195
7240
7362
11034
7129
7100
7161
7201
7143
7086
7211
7142
7246
7023
7129
7645
7122
7250
7392
7148
7338
7297
7220
7091
7449
7184
7180
7443
7303
7301
7405
7117
7180
7134
59509
15197
9881
8070
8723
6171
6096
5994
6137
6185
7159
7286
7295
7297
7918
7190
7516
7314
7365
7344
7301
7243
7302
7309
7282
7284
7547
7245
7295
7337
7396
7483
7380
7495
7521
7431
7399
7850
8430
7524
7494
7755
7529
8023
7470
7636
7741
7442
7672
8725
7960
8331
7896
7495
7944
25586
7558
7646
8461
7578
7674
7620
7792
7750
7815
7706
7510
7564
7504
7730
16678
8442
7524
7863
7470
7460
7646
7590
7696
7575
7895
8670
7628
7681
8215
7623
7522
7396
7695
7836
7603
7648
7799
7844
7558
7682
7504
7460
7898
7503
7829
7618
7720
7564
7710
8116
7735
7472
7569
7500
7804
7577
7853
7808
7564
7690
7557
7610
7664
7957
7784
7767
7491
7936
7687
7789
7645
7656
7877
7449
7823
7667
7684
7881
7901
7884
7884
7593
7637
7622
7584
45107
16021
10743
21612
6635
6684
6698
6417
6465
7357
7342
6577
6800
6487
6675
6781
6684
6513
6531
6546
6624
7348
7379
7537
7665
7839
7493
7469
7591
7694
7770
7295
8439
7550
7827
7478
7689
7481
7675
7429
7742
7534
7619
7629
7646
7754
7674
7545
7572
7531
7910
7612
7659
7551
7708
7718
7795
33030
7910
8194
7997
8002
7988
8132
7926
8146
7966
7949
8452
8073
7856
7917
10265
8404
8184
7949
7993
7922
7851
7862
7883
7944
7828
7920
7929
7998
8106
7950
7989
7960
7862
7829
8060
7852
8034
8107
8092
7826
7909
8035
8082
7908
8099
7854
7910
8032
7987
7898
7928
7951
7971
7975
8122
7833
8008
8064
8011
24978
11941
11429
11199
10836
8282
7898
7894
10329
10846
8400
8183
8193
8166
7862
7982
8278
7290
6977
7005
6831
6948
6852
6796
6972
7022
20712
8157
7933
8300
8200
8253
8073
8146
8155
8059
8168
8087
8460
8173
8484
8294
8318
8311
8622
8353
8470
8216
8098
8312
8165
8194
8230
8348
8200
8426
8236
8244
8681
8325
8253
8100
8175
8311
8330
8207
8319
8422
17977
8760
8316
8420
8354
8412
8263
8474
46477
13172
11523
10891
11194
10608
12835
25492
11078
10701
10501
11143
11828
14295
10915
12049
11362
11357
11231
11552
11557
20245
8679
8484
8427
8312
8632
9260
11182
11292
11465
11251
8473
8222
8177
8369
8187
8309
8441
8240
8548
8235
8360
8213
8351
8214
8313
8320
8109
8624
8418
8445
8372
8341
8269
8395
8342
8478
8276
8467
8418
10860
8762
7108
7111
7127
7798
7801
6949
7114
6940
21884
8460
8523
8432
8394
8358
8455
8307
8441
8383
8480
8545
8401
8381
8423
8598
8418
8433
8539
8387
8975
8637
8458
8439
8433
8483
8439
8497
8474
8576
8435
8511
8577
8258
8387
8348
8209
8233
8342
8249
8117
8216
8227
8117
8274
8153
8368
8331
8236
8809
8444
8227
8302
8146
8308
8129
8206
8238
8291
8336
8270
8226
8312
8282
8452
8447
8180
8394
8163
8235
8394
8131
8414
8227
8430
8427
8386
8241
8352
8312
8325
8236
8329
8341
8307
8301
8399
8341
8164
8321
8311
8242
8508
8300
8323
8464
8240
8321
8472
8444
8678
8508
8625
8463
8347
8444
8348
8343
8345
8355
8460
12414
8455
8689
8352
8822
9207
8357
10599
8955
8621
8556
8529
8533
8499
8855
8524
8475
8551
8449
8686
8327
8510
8287
8687
7793
7512
7311
16200
23829
22669
8367
10278
8427
8287
8269
8280
8369
8400
8194
8088
8396
8271
8278
8207
8269
8340
8287
8401
8360
8289
8409
8229
8446
8227
8422
8362
8324
8124
8329
8564
8352
8429
8478
8253
8367
8268
8709
8797
8332
8161
8452
8233
8529
8482
8497
8198
8378
8426
8509
8422
8425
8229
8534
8455
8267
21982
8606
8541
8762
8821
8692
8676
8749
8536
8877
8511
8826
8665
8745
8685
8830
21878
7735
7779
29610
8689
8736
8798
8938
8847
8744
8628
8655
8580
9001
8622
8816
8624
8820
8632
8886
8890
9143
8850
8828
8937
8861
9169
8789
8895
8666
8880
8626
8956
8713
8893
8679
8874
8777
8745
8983
9097
8888
8962
9104
8962
8816
8743
8766
8859
8949
8892
8860
8672
8835
8873
8899
9183
8730
9022
8909
8838
9032
8881
9008
9059
9261
8867
9113
8896
9039
8939
9185
22267
25435
8908
9949
9067
8946
8870
9147
10434
18368
8079
7854
7792
7830
7813
7973
9431
8975
9121
9229
9031
9683
9262
9073
9075
9213
9114
9318
9033
8976
9628
9353
9224
9190
9439
8877
9305
9254
9522
9159
8989
9320
8903
9335
9101
9444
9359
9210
9190
9323
9486
9452
9153
9130
9422
9130
9120
9554
9439
9284
9501
9174
9447
9038
9551
9155
9519
9438
9422
9341
9406
9329
9563
9351
9355
9399
9081
9235
9369
9412
8.68274e+06