4795
9752
3230
2804
3056
2724
2997
2778
3037
2833
3091
2785
2989
2809
3049
2904
2986
3042
2786
3095
3033
3748
3072
6703
6371
3098
3078
3095
3079
3199
3075
3098
3145
3118
2885
2951
2824
3163
3093
3101
3035
3207
2860
3253
2857
3221
3191
3212
3049
3135
3110
2979
2889
3157
3150
3234
3440
3859
4182
4183
3762
4605
4025
4175
4177
4078
4185
3959
3921
4424
4123
3964
3884
4276
3177
3399
28703
8261
4502
3783
4048
4244
4351
4334
4318
4107
3255
3369
3136
3325
3120
3355
3336
3292
3286
3109
3326
3376
3073
3095
3132
3178
3367
4229
4181
4059
4367
3555
3119
3419
3356
3408
3418
3402
3435
3113
3168
3435
3420
3205
3210
3198
3364
4346
4466
4282
5323
4872
5442
5344
4534
5119
4433
4387
4239
4498
4325
4008
4339
4259
4547
4637
4514
4687
4532
4669
4255
4362
4217
3538
3451
8121
8670
3466
3453
3272
26261
12323
4455
4641
3921
32531
5706
5295
4630
4483
16959
22274
6163
3318
3275
3599
3364
3541
3280
3531
3479
3528
3420
3297
3294
3517
3293
3502
3369
3539
3611
3303
3373
3550
3424
18746
8533
5383
13782
11176
4876
4876
4973
4872
4932
4887
4991
4869
4448
4915
4772
5079
4901
4947
5033
5019
5009
4935
4950
4839
4786
4847
5061
4959
5047
5046
4906
5074
4880
4828
4899
4886
5002
4929
4740
4833
4797
11021
4186
3550
3536
3375
3768
3740
3704
3498
3452
3756
3682
3440
3688
3542
3729
3733
3581
3423
3676
3555
3430
3747
3773
3601
3537
3531
3591
3488
3772
3447
17779
17351
3759
3722
3817
3782
3499
3837
3730
3804
3624
3452
3820
3494
3554
10950
4143
3807
3882
3750
3826
3794
3841
3804
3842
3783
3800
3837
3843
3837
3813
3847
3864
3824
3837
3678
3769
3872
3858
3644
3820
3812
3893
3824
3892
3855
3939
3877
3907
3884
3880
3839
4186
4284
3405
18217
31451
4434
3827
3678
3871
3721
3703
3906
3645
3803
3591
3680
3941
3694
3888
3717
3581
3921
3721
3647
3953
3836
3969
3581
3651
3680
3979
3607
3840
3665
3981
3953
3726
3967
3737
3956
3722
3659
3983
3707
3800
3951
3953
3984
3831
3690
3778
13401
3978
13236
4014
3734
3992
3804
3667
4014
3749
4052
3761
4024
4089
4002
3795
4048
3789
4006
3786
3714
3828
3784
3790
4016
3994
4062
3830
3999
4131
3762
4083
4040
4061
3898
4010
3792
3812
4111
3808
4277
4301
4171
4154
3815
4416
4029
4108
3870
4154
3838
3863
4080
4175
4119
3854
4140
4061
3949
3925
4123
4195
3848
4131
4198
4077
4207
3850
4117
4062
4200
3879
4203
4175
3895
3911
3882
4288
3884
4050
4152
4089
3810
3777
4093
4116
3743
4179
3708
3727
4015
3843
4076
3819
4037
3773
4117
3719
4167
4100
3892
4103
3902
3895
3921
4108
3879
4075
4115
4190
4066
4127
4162
3879
3886
4153
4223
4115
3963
3807
3827
3978
3823
4186
4065
3894
3825
4166
3913
4232
3941
4231
3939
3886
4181
4176
4191
3913
4164
4056
4241
4241
3889
4216
3967
4127
16198
6506
5422
5401
19243
4175
4179
4112
4133
4051
4088
4068
3871
4116
3852
4123
3872
4098
4100
4148
3950
4092
10342
4384
3894
4153
3998
4143
4098
4193
4203
4105
3898
4168
4187
4173
4174
4188
4235
4183
4203
4153
4025
3957
4206
4154
4167
4195
4186
4162
3935
3934
3911
3944
4186
3949
3895
4298
4255
3897
4040
3904
3921
4251
4238
4236
4267
4251
4262
4232
4261
4286
4254
4313
20236
12055
5971
6080
6053
6302
5842
6190
6356
5990
6025
5821
6254
6098
6056
5903
6216
6082
6083
6223
5823
6056
5683
4905
4239
4363
4452
4491
4248
4191
4266
4162
4543
4168
4278
4502
4262
4197
4115
4459
4428
4270
4248
4171
4421
4166
4350
4312
4178
4542
4574
4292
4231
4378
4314
4445
4609
4284
4256
4236
4216
4324
4604
4626
4247
4309
4379
4379
4339
4303
4259
4307
4337
4307
4349
4232
4933
4887
4630
4412
4605
4697
4327
4299
4295
4661
4250
4561
4664
4384
4341
4618
4653
4338
4665
4624
4729
4657
4692
4435
4685
4417
4742
4648
4306
4654
16921
6133
15305
5231
17108
10761
6632
6681
6178
6551
6555
6618
6176
6108
5400
5470
5693
5791
6323
5631
7750
6232
6046
6658
5855
6064
6281
6928
6076
6032
6443
6235
6206
6419
6419
6363
6313
6517
6489
6511
6146
6033
6335
6143
6483
6535
6630
6515
6265
6635
6574
6547
6254
6690
6743
6433
6570
6383
6607
6381
6323
6365
6494
6472
6462
6687
6621
6775
6335
6704
6659
6667
6234
6380
6485
6601
6631
6734
6677
6717
6689
6612
6541
6543
6580
6485
6901
6759
6740
6691
6726
6670
6471
6674
6701
6798
6793
6413
7459
7186
6545
6510
6633
6627
6961
6649
6806
6725
6759
6737
6516
6598
6691
6956
6673
6852
6863
6906
6657
6512
6733
7051
7096
7112
7038
7092
6892
6955
6926
6947
7208
7230
6990
7145
6180
6258
6203
5975
6013
5925
5816
19060
5183
5283
5002
4787
4868
4940
4994
4895
5268
4806
4940
4789
4946
5249
5211
4834
4808
4986
4905
5199
4937
4899
4913
4893
4833
4834
4841
4891
4897
4862
4886
5015
5122
4937
5136
5059
5034
4964
5054
4952
4977
5280
5069
5102
5346
5332
4895
5147
4981
6860
6144
6972
7039
6939
6507
6772
6814
6692
6907
6776
6683
6698
6929
6955
6756
6861
6956
6834
6909
6825
6814
6645
6616
6778
6794
6908
6724
6872
7019
6700
6963
6877
6784
6810
7634
24011
6815
6808
6761
6861
6917
6897
6910
6838
6888
6830
6971
6898
6803
6826
6843
7007
6884
6763
7195
6968
6782
6899
6943
6931
20775
7286
7216
7372
7357
7157
7342
6962
7248
7319
7309
7061
7369
7253
7255
7231
7355
7335
7115
7059
7143
7299
7332
7365
7395
7287
7148
7531
7082
7321
7436
7290
7284
7460
7292
7338
7071
7336
7359
7452
7401
7361
7352
7309
7281
7258
7248
7209
7142
7454
7598
6385
6781
6520
6332
6507
5.21002e+06