7115
1722
19892
774
659
477
646
415
506
670
395
407
532
519
398
443
499
534
426
469
541
525
475
417
564
675
446
460
562
540
557
429
657
631
652
450
655
550
699
476
593
602
527
496
1016
610
458
463
606
1111
576
483
685
560
535
523
561
648
519
542
662
666
617
673
751
695
574
676
675
707
652
650
645
649
603
659
580
804
775
755
843
756
709
796
709
819
790
757
735
835
723
778
724
761
856
756
823
802
804
787
766
807
854
757
854
798
835
874
799
921
855
854
826
850
833
905
701
769
811
723
810
765
764
724
717
781
840
738
755
784
759
804
719
801
780
772
794
789
791
787
767
786
858
750
783
843
757
802
749
895
821
786
798
841
798
836
785
851
897
843
834
889
811
1073
948
958
1096
973
1022
1068
962
1079
982
1098
1077
1087
1006
1038
1003
1075
983
1116
20982
1450
1152
1155
1002
1078
1109
1163
1099
1072
1020
1140
1085
1197
1046
1179
1069
1061
1041
1142
1010
1110
1041
1086
1070
1200
1083
1137
1042
1101
1179
1173
1238
1068
1152
1113
1132
1096
1065
1158
1198
1158
1107
1197
1065
1157
1141
1158
1202
1156
1172
1206
1110
1144
1193
1159
1216
1130
1196
1315
1147
1206
1163
1184
1287
1229
1131
1205
1147
1206
12041
1661
1242
1135
1395
4130
1182
1197
1203
10365
1203
13706
1293
1105
969
984
1014
996
1007
991
1022
992
1014
1035
1033
1072
984
1048
1010
1062
1024
1091
1018
1059
1049
1050
1045
1110
1086
1030
1057
1069
1149
1037
1114
1065
1053
1064
1027
1156
1043
1066
1053
1109
1031
1110
11758
1830
1367
1312
1266
1294
1346
1362
1269
1285
1262
1329
1287
1340
1259
1284
1250
1316
1250
1294
1298
1335
1395
1283
1334
1354
1420
1337
1310
1383
1342
1301
1323
1308
1328
1338
1328
1350
1304
1362
1358
1453
1364
1400
1384
1375
1401
1369
1352
1397
1376
1417
1330
1404
1445
1419
1407
1459
1435
1415
1429
1373
1407
1357
1364
1421
1414
1415
1422
1477
1421
1403
1436
1483
1405
1495
5260
1797
1412
1400
1429
1445
1477
1423
1437
1467
1484
1479
1459
1469
1468
1440
1565
1510
1476
1631
1478
1528
1583
1444
1535
1486
1562
1521
1499
1509
1604
1535
1485
1505
1547
1500
1551
1639
1607
1592
1625
1494
1612
1554
1556
1559
1581
1553
1599
1608
1699
1611
1593
1538
1641
1547
1567
1569
1618
1560
1579
1593
1668
1703
1614
1570
1628
1647
1625
1623
1599
1682
1707
1603
1618
1727
1673
1640
1600
1637
1601
1668
1599
1803
1644
1663
1633
1628
1694
1720
1686
1668
1647
1794
1758
1695
1639
1685
1645
1661
1731
1684
1718
1647
1728
1727
1787
1675
1734
1778
1762
1808
1751
1859
1764
1720
1750
1747
1752
7220
1978
1602
1507
1521
1444
1489
1476
1518
1650
4548
1575
1584
1480
1547
1462
1497
1511
1496
1489
1483
1524
1541
1571
1629
1494
1645
1506
1578
1527
1551
1530
1633
1553
1582
1598
1509
1507
1506
1538
1511
1525
1527
1571
1543
1613
1541
1542
1565
1522
1577
1603
5852
10570
1999
1802
1985
1758
1870
1876
1903
1833
1860
1797
2031
1816
2011
1804
1960
1862
1995
1832
1888
1848
1897
1864
1896
1929
1951
1928
1834
1966
1874
1942
1897
1913
1960
1945
1882
1913
1898
1953
1901
1943
1869
1970
1899
1986
1945
2001
1939
1944
1900
1993
1988
1951
2007
1966
1924
1924
2158
1949
1959
1966
1994
1986
2048
2024
1993
1982
2034
1974
1997
1945
2034
1967
2037
2029
2047
1969
2008
2043
2177
2116
2114
2056
2181
2423
2388
2125
2135
2242
2125
2207
2217
2106
2127
2246
2171
2120
2175
2168
2157
2168
2157
2149
2122
2132
2231
2180
2213
2200
2210
2156
2188
2191
2239
2260
2214
2146
2253
2231
2159
2196
2219
2231
2263
2226
2230
2195
2233
2230
2195
2267
2258
2245
2250
2266
2216
2285
2212
2286
2269
2251
2186
2336
2358
2261
2231
2315
2179
2271
2234
2331
2277
25487
23682
2757
2737
2337
2066
2149
2221
2204
2220
2225
2266
2167
2191
2339
2252
2365
2298
2235
2168
2171
2169
2216
2249
2183
2247
2225
2183
2245
2310
2202
2240
2208
2252
2304
2311
2257
2292
2256
2284
2269
2280
2234
2351
2331
2311
2322
2418
2290
2320
2273
2263
2338
2267
2325
2269
2278
4417
2576
2434
8060
6102
2575
2476
2442
2617
2508
2500
2547
2481
2575
2527
2480
2507
2564
16071
2584
2605
2572
2554
2612
2669
2540
2675
2623
2632
2116
2157
2136
2081
2183
2126
2147
2117
2146
2106
2197
2172
2178
2212
2146
2184
2131
2169
2174
2221
2250
2224
2136
2192
2192
2803
2708
2649
2817
2703
2741
2718
2672
2740
2679
2711
2675
2790
2688
2785
2753
2829
2660
2841
2805
2753
2686
2754
2745
2709
2817
2804
2849
2739
2812
2774
2745
2772
2864
2720
2829
2722
2691
2758
2808
2682
2780
2693
2842
2757
2775
2819
2781
2796
2803
2743
2834
2824
2892
2775
2744
2885
2727
2784
2837
2822
2915
2832
2783
2856
2771
2910
2820
2879
2817
2777
2779
2889
2821
2939
2841
2841
3055
3052
2765
2929
2762
2820
2753
2933
15947
2193
2311
2367
2226
2372
2797
2899
2847
2812
2785
2940
2762
2755
2828
2971
2937
2752
2841
2926
2808
2938
2828
2717
2911
3039
2884
10520
16817
5923
2947
4259
4154
4558
4402
4369
4396
4371
4307
8260
3099
2870
2888
3075
2864
3117
3004
2955
3061
2940
2917
3082
2809
3089
2927
2915
2884
4318
2930
2890
2976
2927
2896
2894
3033
2906
2844
2943
2931
3066
3033
2955
2885
3122
2978
3131
2935
3023
3131
3161
2873
3198
2929
3178
2985
3175
2958
2982
3156
2993
3103
2960
2943
3237
2938
2997
3140
1.98782e+06