16970
7077
5559
5289
5266
5255
5190
5165
5301
5216
5193
5233
5416
5291
5193
5306
5281
5230
5141
5397
5213
5370
5285
5230
8942
5772
5173
5098
5147
5104
5154
5142
5142
5172
5388
5094
18538
5342
5303
5360
7189
5374
5473
6777
10442
6278
5776
5460
5533
5415
5379
5504
5436
5429
5364
5442
5436
5424
5505
5387
5501
5383
5491
5360
5461
5473
5407
5394
5580
5317
5412
5317
5382
5408
5388
5441
5421
5380
5706
5314
5523
5346
5431
5351
5425
5504
5221
5423
5345
5430
5890
5512
5438
5322
5452
5433
5348
5329
5359
5411
5466
5562
5431
5461
5435
5401
5365
5644
23621
5721
5409
10136
5463
5417
5536
5422
5535
5371
5339
5506
5385
5315
5406
5372
5475
5380
5496
5380
5450
5364
5504
5413
5432
5416
5348
5543
5523
5503
5449
5358
9258
5473
10037
5016
4719
4661
4506
4466
4576
4605
4518
4404
4331
4315
4358
4429
4378
4372
4320
4329
4335
4372
4287
4469
4333
4272
4383
4296
4470
4418
4385
4343
4363
4367
4324
4357
4337
4394
4368
4390
4361
4360
4426
4341
4350
4370
4389
4359
4421
4423
4331
4433
4384
4366
4454
4256
4401
4378
4393
4366
4296
4356
4330
4334
4316
4408
4311
4450
4333
4318
4369
4382
4422
4397
4360
4385
4425
4440
4340
4401
4370
4371
4353
4302
4400
4480
4335
4361
4355
4442
4375
4401
4290
4444
4333
4326
4416
4440
4444
4435
4335
4515
4425
4411
4397
4367
4382
4377
4378
4395
4416
4299
4345
4387
4440
4360
4308
4457
4491
4409
4392
4357
4482
4393
4451
4381
4523
4439
4425
4387
4416
4352
4318
4294
4360
4379
4350
5906
21956
5113
4911
5075
5005
4958
5016
4990
5006
4979
5024
5054
4940
4915
4969
5287
4920
5143
5023
4920
4976
5156
4990
4995
5076
5023
5026
5048
4978
5078
5135
4881
5071
5033
5062
4983
4926
5023
5050
4978
4919
4959
4956
5094
5013
4914
4904
5144
6004
5110
4972
5078
4989
4949
5011
5048
5003
4992
5162
5210
5149
5474
5196
5312
5088
5124
5160
5189
5101
5112
5166
5220
5115
5192
5141
18179
22999
4819
18614
5211
5151
5233
5177
5218
5279
5152
5193
5198
5161
5106
5188
5122
5241
5096
5087
5234
5121
5187
5321
5119
5096
5156
5334
5222
5085
5201
5277
5131
5097
5330
5288
5159
5113
5068
5242
5192
5202
5204
5126
5182
5347
5294
5095
5131
5248
5202
5347
5379
5408
5482
5426
5391
5362
5503
5356
5327
5841
5456
5365
5342
5417
5351
5287
5334
5361
5425
5412
5272
5305
5308
5339
5345
5291
5316
5367
5382
5642
5416
5408
5327
5288
5323
5364
5374
5285
5390
5427
5428
5284
5326
5343
5345
5309
5284
5239
5292
5336
5298
5336
5375
5382
5514
5293
5468
5337
5401
5334
5309
5723
5271
5377
5373
5337
5397
5396
5392
5303
5243
5348
5459
5356
5305
5376
5378
5305
5271
5333
5391
5367
5338
5339
5485
5608
5318
5294
5368
5458
5427
5339
5398
5275
5579
5310
5392
5320
5503
5370
5461
5285
5351
5455
5297
5448
5351
5539
6910
5972
5835
5281
5504
5336
5595
7016
5622
5548
5441
5303
5450
5327
5458
5335
5456
5466
5361
5412
5314
5359
5432
5460
5413
4439
18621
4609
4576
4570
4515
4469
4538
4439
4365
4422
4283
4400
4390
4459
4332
4392
4338
4379
4402
4387
4353
4384
4409
4388
4412
4369
4409
4507
4341
4339
4301
4362
4388
4304
4317
4351
4341
4380
4341
4415
4639
4450
4282
4345
4365
4306
4411
4392
4419
4352
4408
4361
4378
4471
4366
4331
4341
4374
4386
4422
4391
4338
4399
8791
6042
5504
5099
5179
5226
5296
5110
5223
5199
5304
5230
5251
5189
5175
5248
5198
5205
5126
5330
5260
5351
5208
5365
5492
5249
5353
5216
9493
5390
5430
6827
9183
7288
7600
7209
6165
6553
5676
5455
5343
5360
5456
5348
5322
5936
5586
5354
5362
5346
5300
5424
5512
5432
5311
5430
5256
5314
5298
5362
5386
5289
5312
5351
5347
5384
5350
5423
5327
5327
5277
5357
5460
5363
5328
5314
5388
5352
5473
5323
5386
5407
5366
5378
5403
5349
5297
5436
5307
5343
5215
5369
5267
5390
5332
5354
5315
5395
5329
5312
5408
5349
5305
5327
5376
5387
5371
5301
5378
5340
5679
5472
5371
5314
5372
5285
5480
5329
5296
5393
5424
5363
5281
5426
5274
18687
23301
4515
4556
4580
4524
4541
4513
4505
17761
4353
4350
4288
4355
4293
4425
4461
4457
4363
4381
4362
4355
4417
4382
4388
4341
4332
4379
4357
4412
4392
4322
4355
4416
4358
4344
4344
4311
4313
4284
4328
4369
4393
4380
4417
4386
4398
4407
4386
4363
4368
16710
5423
5581
5155
5197
5203
5233
5093
5142
5189
5167
5081
5218
5146
5165
5122
5089
5191
5125
5145
5162
5096
5041
5128
5187
5126
5148
5092
5077
5216
5165
5119
5194
5148
5138
5146
5172
5123
5077
7747
5196
5171
5013
5079
5079
5191
5093
5068
5227
5186
5154
5125
5066
5099
5093
5072
5114
5063
5348
5375
5247
5824
5413
5174
5239
5373
5298
5364
5309
5279
5268
5326
5281
5290
5331
5169
5389
5187
5272
5281
5248
5254
5293
5353
5487
5762
5235
5193
5337
5259
5336
5340
5282
5251
5275
5308
5289
5334
5257
5273
5209
5657
5230
5200
5331
5155
5352
5299
5345
5289
5281
5266
5323
5134
5258
5324
5459
5603
5193
5260
5308
5334
5343
5580
5628
5196
5193
5209
5275
5359
5333
5364
5180
5500
5208
5328
5239
5314
5389
5397
5653
5191
5280
5287
5321
5609
5349
5262
5342
5272
18672
5121
5115
4985
5098
5101
5087
5095
5098
5185
5165
5262
5036
5127
5053
5097
5166
5181
5275
5114
17861
23388
18632
4496
4524
4501
4443
4425
4387
4453
4470
4496
4454
4335
20609
4800
4443
4445
4473
4348
4500
4266
4425
4359
4244
4311
4291
4323
4247
4389
4281
4259
4276
4226
4290
4324
4349
4328
4415
4284
4318
4347
4308
4391
4311
4392
4325
4337
4379
4235
4332
4316
4410
5.3368e+06