2222
3111
2222
2222
1778
2666
1778
1778
2222
1778
2222
2222
1777
2222
1778
1778
1778
1778
2222
2222
2222
4000
2222
1778
1778
1778
1778
1778
1777
1777
2222
1777
1777
1778
1777
1778
1778
1778
1778
1778
1778
1778
1778
1778
1778
1777
1777
1778
1778
1778
1334
1334
1778
1778
1778
1778
1778
1778
1778
18667
1778
1778
1778
1778
1777
1778
1778
1333
1777
1333
1334
1778
1333
1778
1778
1333
1778
1777
1333
1333
1778
1778
1778
1778
1778
1334
1778
1778
1778
1778
1778
1334
1778
1333
1333
1334
1778
1333
1333
889
