1778
2222
1778
1778
1777
1778
1778
1777
1778
1333
1778
1778
1333
1778
1333
1333
1778
1778
1777
1778
1334
1778
1778
1778
1778
1334
1333
1778
1778
1778
1778
1778
1778
1778
1777
1778
1333
1778
1777
1778
1778
1778
1778
1777
1778
1778
1778
1778
1333
1333
1333
1334
1778
1334
1778
1777
1333
1333
1778
1778
1778
1778
1333
1333
1333
1333
1334
1778
1778
1333
1778
1778
1333
1778
1333
1334
1778
1777
1778
1333
1334
1334
1778
1333
1333
1334
1778
1778
1778
1333
1778
1777
1333
1333
1334
1334
1333
1778
1333
1334
1334
1333
1333
1777
1333
1334
1333
1333
1777
1333
1778
1333
1778
1333
1333
3555
1778
1333
1334
889
1333
889
1333
1333
1334
1333
1333
889
889
1333
889
1333
1334
1334
889
1334
1333
1333
1333
889
1333
1334
1333
1334
1333
1334
1333
889
1333
1334
1333
889
1333
889
1333
1333
1333
1333
1333
889
1333
1333
1333
1333
1333
889
1333
889
888
1334
1333
889
889
1333
1333
1334
1333
1334
888
1334
1333
1333
1333
889
1333
889
888
1334
1333
1333
889
1333
1333
889
888
889
1333
1333
889
889
888
1334
1333
1333
889
1333
1333
1334
888
1334
1333
889
889
889
1333
1334
1333
1333
1333
889
1334
1333
889
889
889
889
889
889
889
888
889
889
889
889
1334
888
889
1333
889
889
1333
889
1334
1334
889
889
1333
889
889
889
888
889
889
889
889
2222
1333
1333
1334
1334
888
889
1333
889
889
889
889
1333
889
888
889
889
1334
889
889
889
889
889
1333
889
889
889
1333
889
889
889
889
888
889
1333
889
889
1334
889
889
889
888
1333
889
889
889
889
889
888
889
889
889
889
889
889
888
889
889
889
444
889
889
889
889
889
888
889
444
889
889
444
889
889
889
889
889
445
444
889
889
889
445
889
889
889
889
444
889
888
889
444
889
889
445
889
445
888
889
888
889
444
444
889
1778
1334
889
445
888
889
445
888
889
889
889
889
444
889
889
888
889
444
444
445
888
889
889
888
889
889
444
445
889
889
889
889
889
889
889
445
444
888
445
444
444
444
