5778
1778
1334
2222
2667
1778
1333
1778
888
1778
2222
2222
1778
1778
1778
2222
1777
1333
1778
1778
1333
1777
1778
1777
1778
1777
1777
1778
1778
1778
1778
1778
1778
1778
1778
1778
1777
3111
2222
2666
2666
2667
2666
2223
2222
1778
1777
2222
2223
1778
1777
2223
1778
1777
1777
1778
1778
1778
1778
1778
1777
2222
1777
1778
2222
2667
3555
3111
2667
3111
4444
3556
3556
2223
1777
3111
3556
2667
2667
4000
3556
3111
3555
4000
3556
4000
9778
4000
4000
4000
4000
4000
3555
3555
4000
3555
3111
4000
2667
2222
2222
2223
1778
2223
1777
1777
2222
2223
2222
1778
1778
1777
2222
1778
7555
3556
4445
4889
3555
3555
3111
4445
5778
4889
4445
45333
1778
2222
2222
2222
2222
1778
2222
2222
2222
1778
9778
2222
2667
2666
2222
2222
3111
2666
1778
1778
2222
1777
2222
1778
1778
1778
2222
1778
1778
1778
2222
1778
2222
1778
1778
1777
2222
1778
1778
2222
2223
1777
2222
2222
1777
1777
2223
2222
1778
2222
1777
2223
1778
1778
2222
2222
2222
2222
2223
2667
1777
2222
2666
3555
2222
1778
1778
1777
1778
2667
3555
4000
4000
3111
3555
4889
2667
2222
2223
2223
1778
2222
2666
1778
2223
1777
2223
2222
5333
4445
3555
4889
4444
4000
3111
2667
2222
1778
2222
2222
1778
2222
2222
2223
2222
2222
1778
2222
2222
2223
2222
2223
1778
2222
1778
2666
2223
2667
2222
2222
2667
2222
2222
2222
2222
2222
1778
2222
2223
1777
2222
2223
2222
2222
2223
2223
2222
2222
2223
2222
2223
1778
2222
2667
2667
2222
2222
2222
1778
2222
2222
2667
2222
2222
2667
2666
2223
2222
2222
2222
2222
2222
2222
2222
2667
2222
2222
2222
2222
2667
2667
2666
2222
2222
2222
2222
2222
2667
2222
2222
2667
2666
2222
2667
2222
2223
2666
2223
2666
1778
1778
2222
2222
2222
2222
1778
2222
2222
2222
1778
2666
2223
2222
2223
2222
1778
1777
2222
2223
2222
2223
2222
1778
2222
2667
2223
2666
1778
2222
1777
2667
2222
2223
2222
2666
2222
2222
2222
2222
2223
2222
2222
2222
2223
2222
2222
2666
2222
2667
2222
2222
2222
2667
2667
2222
2222
2223
2222
2222
2223
2222
2222
2667
2223
2666
2667
2666
2223
2666
2667
1777
2222
2222
2667
2666
2667
2222
2666
2222
2223
2222
2222
2222
2667
2222
2223
2222
2222
2667
2666
2223
2222
2223
2222
2666
2223
2222
2222
2667
2667
2222
2223
2666
2222
2666
2222
3111
2222
2222
2222
2666
2222
2222
3111
2222
2222
2222
2667
2666
2667
2667
2222
3111
2223
2666
2666
2222
2667
2667
3111
2222
2222
2222
2222
3111
2667
2666
2667
2222
2667
2666
2667
2223
2666
2222
2222
2222
2666
2222
2667
2222
2666
2222
2667
2666
2222
2222
2667
2667
2667
2222
2223
2222
2222
2222
2222
2222
2667
2222
2667
2222
2667
2222
2666
3111
3111
2223
13334
3111
2223
2222
2223
2222
2667
2222
2667
2222
2667
2222
2667
2666
2667
2222
2666
2666
2666
2667
2666
2222
2222
2222
2222
2666
2667
2222
2667
2667
3111
2222
2666
2223
2666
2666
2667
2667
3111
2667
2667
2222
2666
2223
2667
2667
2666
2666
2222
2223
2222
2222
2222
2222
2222
2222
2222
2222
2222
2222
2667
2667
2667
2667
2222
2222
2222
2667
2667
2222
2222
2667
2667
2222
2667
2222
2222
3555
2667
2223
3112
4000
2667
2667
2666
2223
2667
2223
2223
2667
2222
2222
2667
2222
2222
2222
2667
2666
2222
2222
2667
2223
2667
3112
4000
2666
2222
2222
2667
2222
2222
2666
3111
2667
2667
2222
2667
2223
2667
2222
2222
2222
2666
2223
2223
2222
2667
2222
2222
2222
2667
2667
2223
2666
2667
2667
2222
2222
2666
2223
2223
2222
2222
2666
2667
2222
2223
2223
2667
2222
2667
4444
2222
2667
2667
2667
2667
2667
2222
2222
2666
2223
2667
2222
2667
2666
3111
2667
2666
2222
2666
3111
2222
2223
2667
2666
2222
2667
2666
2667
2222
2667
2666
2667
3112
2223
2222
2223
2666
2222
3111
2666
2667
2666
2222
2666
2666
2667
2222
2666
2666
2667
2667
4000
4000
4444
2667
2667
2666
3111
2667
3111
4000
2666
3111
2666
4000
3111
2666
2667
3111
3111
2667
4000
2667
2667
2666
3111
2667
2222
2666
2667
2666
2666
2667
2667
2666
2666
3111
3111
2667
2666
2667
2666
3111
2667
2666
3111
4000
4000
3555
2666
3111
2666
3111
2667
3111
3111
2667
3111
2667
3111
3111
3111
2667
3111
2666
2666
3111
3111
2667
3111
3111
3111
3555
2667
2666
2666
3111
2667
2666
2667
2667
3111
3111
2667
3111
3111
3111
2666
3111
2667
2666
3111
16888
2222
2667
2667
2222
2667
2667
2667
2666
2667
2667
2667
2667
2666
2667
2666
2223
2666
2667
2222
2667
2667
2667
2667
2666
3111
2667
2667
2667
2222
2667
2667
2667
2666
2223
2666
2667
2667
2667
2667
2666
2666
2667
2666
2667
3111
2667
9778
3111
3111
2667
2666
2667
2666
3111
2666
2667
2666
2667
2666
2666
2667
2666
3111
2667
2667
2666
2667
2666
2667
2667
2667
2222
2667
2667
2667
2667
2667
2667
2667
2667
2667
2666
2666
2667
2667
3111
2666
2667
2666
2667
3111
3112
2667
2667
2667
3111
3111
2666
3111
2667
2667
2666
3112
2666
2667
2667
2667
2666
2667
2666
3111
2667
3111
2667
2667
2666
2667
3111
2667
2667
2667
2667
3112
2666
2667
2666
2666
3555
2667
2666
2666
3111
2667
2666
3111
3111
2666
3111
2667
2667
2667
2667
3111
3112
3111
3111
2666
3112
2667
2667
2667
3111
2667
2667
2667
2667
2666
2667
3111
2667
3111
2667
2667
2667
3111
3112
3111
3111
2666
3111
3111
2666
2667
2667
2666
3111
3111
2666
3111
3111
3111
2666
3111
2667
2667
2666
3112
3111
2667
3111
3111
3111
3111
3112
2666
3112
2666
3111
3111
2667
3111
2667
2667
2666
3111
3111
3111
3111
3111
2666
2667
2667
