6667
5777
4889
4889
4444
4888
4888
4889
4888
4889
4889
4444
4889
4889
4444
4889
4889
6667
5778
5334
5777
5778
4889
4889
4889
4445
4889
5334
4889
4889
4445
4889
4889
4889
4889
4889
4889
5334
9333
5778
4889
4888
5334
4889
4889
4889
4889
5333
4889
4889
4889
11111
5778
3111
2667
3111
2667
2667
2667
3111
3111
2667
2666
2666
2667
3111
3111
4000
2667
2666
2667
2666
2667
2667
2667
2667
2666
4000
3112
2667
2667
2667
2667
2667
2667
2666
2667
2666
2667
3112
2667
3111
3111
3112
2667
3111
4000
3111
2666
3111
3111
3112
3111
2667
3112
3111
3111
3111
3111
2666
3111
2667
2666
3111
2667
3556
3111
2666
3111
2667
3111
3111
3112
2667
2667
2667
3556
2667
2667
2666
2667
2666
2667
2667
16444
2666
3111
16444
3111
16445
3111
2667
2667
2667
3111
2667
3111
2666
3111
2667
2666
2667
2667
2667
2667
2666
3111
3111
3112
2667
3111
3111
3111
20444
4000
3111
3555
3555
2666
2666
2667
2666
2667
2666
2667
2666
2667
3111
2667
3112
3111
3111
2667
3111
3111
3111
3111
3111
2667
2666
2667
2666
2667
3111
3111
5778
3111
3111
3111
3111
3111
3111
2667
3112
2667
3112
2667
2666
3111
2667
3111
3111
2666
3111
2667
2667
2667
3111
3112
3111
2667
2667
3111
2667
3555
2667
3111
4000
3111
2667
3111
2666
3111
3111
2666
3111
3111
3111
3111
3112
3112
3111
3111
3111
3111
2666
3111
2667
2666
3111
3111
3111
3111
3111
3111
2666
3111
3111
3111
3111
3111
3112
3111
3111
3111
3112
2667
17778
3111
2666
2667
2666
3111
3111
3111
3111
3111
3111
2667
3111
3111
3111
3111
3111
3111
3112
2667
3111
3112
3112
3111
3111
3111
3111
3112
3111
3111
3111
3112
3556
3112
3112
3111
3112
3112
3556
2667
3112
3111
3111
3112
3111
2667
3111
3111
3111
3111
3111
3111
3111
2667
3111
3555
3111
3111
3111
3111
3111
3111
3111
3111
3111
3111
3111
3111
3111
3111
3111
3111
3556
3111
3111
3111
3111
3111
3111
3556
3111
3111
3111
3111
3556
3111
3111
3111
3555
3111
3111
3111
3111
3111
3111
3111
3111
3111
3111
3111
3111
3111
3555
3111
3555
3112
3112
3112
3112
3556
3555
3555
4445
3111
3111
3111
3555
3111
3555
3111
3111
3111
3111
3111
3111
3556
3111
3111
3555
3556
3556
3556
3556
3111
3556
3556
3556
3111
3556
3556
3556
3555
3555
3111
3111
3111
3555
3555
3555
3556
3111
3111
3111
3556
3111
3111
3111
3111
3111
3555
3555
3555
3112
3556
3555
3111
3556
3111
3556
3111
3555
3555
3111
3111
3555
3111
3556
4000
3111
3555
3111
3111
3555
3111
3111
3111
3111
3112
3556
3556
3112
3556
3111
3111
3555
3111
3111
3555
3111
3555
3555
3556
3111
3112
3556
3556
3555
3555
3556
3111
3111
3111
3111
3111
3111
3556
3555
3555
3556
3556
3111
3111
3556
3111
3555
3111
3556
3556
3111
3111
3111
3111
3555
3111
3556
4444
3111
3555
3111
3556
3555
4000
3111
3556
9334
4889
3556
3556
3556
3556
3111
3555
3111
3556
3556
3555
3556
3556
3556
3555
3555
3555
3556
4000
3555
3556
3556
3556
4000
3556
3555
3555
3111
3556
3555
3556
3555
3555
3555
3556
3111
3555
3556
3111
3555
3555
3556
3556
3556
3556
3556
3555
3556
3555
3111
3556
3555
3555
4000
3555
3555
3556
3556
3555
3556
3555
3556
3556
3111
3555
3556
3555
3555
3556
3555
3556
3555
4000
3555
3556
3556
3555
3556
3556
3555
3555
3556
3556
3555
3556
3555
3555
3555
3556
3555
3556
3556
3555
3556
3556
3556
4000
3556
3556
3555
3556
3556
3556
4000
4000
3556
3555
3556
4889
5334
5334
4000
3555
3556
3555
3555
4000
3555
4000
4000
3556
3999
3555
3556
16889
3555
3556
3556
4000
3555
4000
3555
3555
4000
4000
3555
3556
3556
3555
3556
3555
3556
3555
4000
4000
4000
3555
3556
3555
3556
3556
3556
3555
9778
4444
4445
17333
4000
3555
4000
3555
3556
3555
3555
3556
3555
4000
3556
3555
3555
4000
4000
3556
4000
3556
4000
3555
4000
3556
4000
3556
3555
3556
4000
3556
3555
3556
4000
3555
3556
4000
3556
4000
3555
3556
3556
3555
4000
3556
3555
4000
4000
4000
4000
3555
3556
4000
4000
3556
4000
3556
4000
3555
4000
4000
4000
3556
4000
4000
4000
4000
4000
4000
4000
3556
4000
3556
4000
4000
4000
3555
3555
4000
4000
3555
4000
3555
4000
4000
4000
4000
4000
4000
4000
4000
4000
4000
4000
3555
4000
4000
3556
4000
3555
3555
4000
4000
4000
3556
4000
4000
3556
4000
4000
4000
4888
4000
4000
4000
6667
17333
4000
4000
3555
4000
4000
4000
4000
3555
4000
4444
3555
4000
3556
4000
4000
3556
4000
3555
4000
4000
3555
4000
4000
4000
4000
4000
4000
3556
4000
4000
4000
4000
4000
4445
4000
4000
4444
4000
4000
4000
4000
4000
4000
4000
4000
4000
4000
4000
3556
4000
4000
3556
4000
4000
4445
4000
4000
4000
4000
4000
4000
4000
4000
4444
4000
4000
4000
4000
4000
4000
4000
4000
4000
4000
4000
4000
4000
4000
4000
4000
4000
4000
4000
4445
4445
4445
4000
4444
4000
4000
4445
4000
4000
4000
4000
4000
4000
4000
4000
4000
4000
4000
4445
4445
4000
4000
4000
4445
4000
4000
4000
4000
4000
4000
4000
4445
4445
4000
4000
4000
4444
4445
4000
4000
4445
4000
4000
4000
4444
4000
4000
4000
4000
4445
4445
4889
4445
4000
4445
4000
4000
4445
4444
4000
4445
4444
4000
4000
4444
4444
4000
4444
4888
4444
4000
4000
4000
4444
4445
4000
4000
4000
4000
4000
4444
4444
4000
4000
4445
4445
4000
4000
4445
4000
4445
4000
4000
4000
4000
4444
4000
4889
4445
4444
4445
4445
4445
4000
4000
4000
4000
4000
4000
4445
4444
4000
4444
4000
4000
4444
4000
4000
4445
4000
4000
4445
4444
4444
4000
4444
4000
4000
4000
4000
4444
4444
4000
