6222
6667
5333
5777
4889
4888
5777
4889
6222
4889
4889
5778
4889
4889
5778
5333
4889
4889
5333
4889
4445
4888
4445
5778
5778
5778
4889
5333
5777
5333
5334
4889
4889
5778
4889
6222
6222
5333
4889
4889
5778
5333
5334
5334
5777
5333
5334
5334
4888
4889
4444
4889
5333
5333
5334
5334
5334
5778
5334
5334
4888
5333
5333
5778
4889
6223
5334
5333
5778
5778
4889
5333
5777
6222
4889
5334
4889
5778
4889
5333
4889
5334
6222
5778
5334
5333
5334
5333
6222
5778
5333
6222
5778
5334
4889
4889
4889
6222
5777
5333
5333
4889
4889
5777
5778
5777
5778
6222
4888
5334
5334
4889
4889
4889
5777
9333
5333
6222
6222
5778
5778
5778
5778
5333
5778
4889
5778
4889
5777
5778
6222
5778
5333
5333
5333
5777
5333
5334
5334
5333
6223
5334
5333
5334
5333
5333
5778
5333
7112
5333
4889
5777
4889
5778
6222
4889
6222
5333
5334
5778
5778
6222
5778
5333
5334
5333
4889
5778
5778
6222
5778
5778
5333
4889
5778
5333
4889
5333
5334
5333
4889
4889
6222
5333
5333
6223
5333
6222
5777
5333
5778
5334
4889
5334
5333
5778
5778
5334
5778
6222
5333
6222
5333
5778
5333
5333
4889
5778
5333
5334
4889
5333
5778
4889
4888
5778
6222
4889
4888
5778
5333
5333
5778
5777
5778
4889
4889
5778
4889
5777
5777
5333
5334
4889
5778
5334
5333
5777
5777
5333
5334
4889
6222
5778
5778
5334
4889
6222
6222
4889
5333
6222
4889
5333
5778
5334
5777
5777
4889
6222
5778
5333
5334
4889
4889
5778
4889
6222
5778
5334
6223
6222
5778
5777
5777
6222
6222
5778
5334
6223
4889
5334
5333
5777
6222
5333
5778
5334
5333
5777
6222
6666
4889
4889
6222
4889
6222
5778
5334
5333
5333
5334
6222
5778
4889
6222
7111
6222
6667
5778
5334
4889
5334
6222
5778
6667
5777
5777
5778
5778
5778
6222
5333
5333
5778
6223
6222
6222
5333
5334
6667
6223
6667
6222
6223
5778
5333
6222
5334
6222
6223
4889
6222
5334
6667
6667
5778
5334
6222
5778
6222
5777
5333
6222
6667
5778
5778
6666
7556
6222
5778
6222
6223
5333
6222
5778
6222
5334
6667
5778
5333
6222
5333
6223
5333
5777
6666
5333
6667
5333
5778
4889
4889
6223
6223
5778
6667
5778
6666
5778
5778
4889
6222
5333
6223
6222
5334
5333
6222
5778
6667
6222
5778
5778
5777
6666
5778
6667
5334
5778
7111
6667
5778
6667
5334
7556
5777
5777
6666
6667
6222
5778
5778
6667
5334
5778
6666
5333
6667
5334
6222
6667
6223
6222
6666
6667
5333
5333
6667
6666
5333
5778
5333
5778
6222
5778
6222
5333
6666
6667
5778
5778
6223
6667
6667
6222
6667
5778
6667
6667
6223
6666
5334
7111
5778
6667
5333
6666
6667
6667
5333
6667
5778
5334
6667
5334
6667
6222
6667
6223
5778
6222
6222
5334
5777
5333
6666
6222
6222
7111
6667
5334
5778
6666
6223
6667
6222
5777
6666
6222
5778
5778
6667
6666
6666
5333
6222
6667
6667
6222
6666
6667
5333
6222
6222
5778
6223
6667
5333
5778
5777
5777
6666
5777
6666
6222
6667
5778
6223
6667
5778
5778
7111
6222
6666
6666
6222
5778
6222
6667
16889
9778
6222
6666
6667
5777
6667
5778
6222
6666
6667
6667
6666
6666
7111
5777
5333
5777
6222
5333
6223
7555
6223
7111
7111
7111
6666
5777
6666
7111
6666
5777
7111
6222
5778
7111
6222
7556
7111
6667
7111
7111
5333
5777
5778
5778
5333
6222
5778
6222
5777
6667
5778
6667
6222
6223
5778
6667
6222
6222
7111
6666
6667
5778
7111
6666
6666
6667
6223
7111
7111
6667
5778
7111
5778
6223
6222
6223
6667
7111
7111
6667
6222
5778
6667
7112
6222
7111
5778
7112
6667
6222
7111
6222
7112
5778
6666
7112
6222
5778
7111
5778
6667
6222
5778
6667
6222
6222
5778
6223
7111
7111
6666
6222
6222
7111
6666
5777
7111
6222
6222
5778
6223
5778
7111
7111
6667
5778
5778
6222
6667
7112
5778
7555
7111
6667
7111
7111
6666
6222
7111
7111
6667
5778
6667
7111
7556
5778
7111
6222
6667
6667
5778
5777
5777
6666
6222
7111
5333
7111
6222
7555
6667
6667
5778
7555
6222
5778
5778
7556
8444
6223
6223
7555
6222
7111
5778
7556
6666
6667
7111
6667
6667
7111
5777
7111
6222
7111
6666
6222
5777
6666
7111
7111
6222
7111
6222
6222
7555
6667
6222
5778
7111
6223
7111
7111
6666
6222
6222
6222
6222
6223
6222
7555
5778
6223
7555
7111
6222
7111
6222
5777
6222
7555
6222
6667
7556
5778
6222
6222
6222
7111
7556
6222
6667
6667
7111
6222
5778
7111
6666
6222
6667
6667
6222
7111
7111
6667
6667
6223
6222
6223
7556
7111
7556
7555
6667
7112
6222
7111
7555
6222
6222
7555
6666
6667
7111
7556
7556
7111
6667
7111
7555
7555
7112
5778
7111
6667
6667
6667
7555
6222
6222
7111
6667
7556
6667
6666
5777
6222
7111
8000
6667
6222
7556
7556
6222
6222
7556
7556
6222
7112
5778
6667
6667
6667
5778
7556
7111
7555
6222
6667
6667
7111
6222
6667
6222
7111
7556
7111
6667
7556
7111
6223
6667
6223
5778
7111
7111
7111
7555
7555
6223
6667
7555
6666
6222
6222
6222
8000
6223
7556
6667
6223
8000
6222
6666
7111
7112
6667
7555
6666
7111
6667
8000
6222
7556
6223
6667
6667
7555
7111
6222
7556
6667
7555
6666
6222
6666
7556
6667
6222
7111
6667
6222
7112
7111
8000
6666
7111
6223
7111
7555
6222
7111
7555
7112
8000
6222
7555
6222
7556
7555
7111
7111
6222
7556
6667
6667
8000
7111
6667
6667
7555
6666
7556
6222
8000
6222
8000
7111
7556
6667
6667
6222
6667
6667
8445
7555
7556
8444
6667
7555
7111
8000
7556
8000
6666
7555
7111
6223
7111
8445
6667
6667
7556
7111
7556
7556
6667
6667
7111
7556
8000
7555
8000
7555
7111
6667
7111
8000
7111
6666
7111
8000
8000
6666
7555
6667
7556
