6223
7111
6222
5778
6223
7555
6223
6222
5778
6222
6223
5778
5778
5778
5333
6222
5777
6223
5778
5778
5778
6222
5778
5778
5777
6223
5333
6222
5777
5778
5778
5333
5778
5778
5778
5334
5777
5778
5778
5777
5778
5778
5777
5778
5777
5778
5333
5777
5777
5778
5778
5334
5778
5777
6223
5777
5777
5778
5778
6222
5778
5778
5333
5777
5778
5777
5778
5778
5778
5333
5778
5777
5777
5778
5778
5778
5334
6222
5333
5778
5333
5777
5334
5333
5777
5333
5333
5333
5333
5334
5778
5334
5778
5777
5777
5778
5778
5778
5778
5333
5778
5333
5333
5333
5334
5778
5778
5778
5334
5333
5333
5334
5777
5778
5333
35112
15556
12889
12889
12889
12445
12889
12000
12444
12444
12000
11555
12000
12000
12445
12444
12889
16889
12445
12445
12000
12000
12444
12444
12000
12444
12889
12000
12445
12000
12889
12444
12888
13334
12445
11556
12444
24000
12444
12000
12444
12445
12000
11556
11556
12000
12000
12000
11555
12000
11556
11556
12000
12000
15556
12000
11555
11111
12000
11111
11555
11556
11556
11555
11555
12000
11556
11556
11555
12000
11111
11111
11555
15555
11556
11555
12000
11111
11555
11111
11555
11556
11556
12000
11555
11111
11555
11111
11111
12000
12000
11556
15555
11556
11111
11556
11556
11112
11556
12000
12000
11555
11112
11556
11556
12000
11555
11555
11556
11555
11555
12000
11111
12000
11556
11555
11111
11111
11111
11556
11556
11556
11556
11111
11555
11111
11555
11111
11111
15111
11556
11111
11111
11555
15555
11111
11556
11111
10667
10666
11111
12000
11555
11555
11111
11555
11111
10666
11111
10667
11111
10667
11111
11555
11111
11111
11111
13333
16444
13777
14222
24444
20444
20000
18222
19556
14222
15111
14222
14666
15111
18222
18666
17333
17334
17778
16889
16889
17333
17333
17333
16889
16444
17333
14666
11111
12000
11111
11555
10667
10666
10222
11111
10666
10667
10666
10666
10667
11111
10667
10666
10666
10222
10222
10667
10667
10667
10667
10222
10667
10667
10222
10667
10666
10222
10223
10667
9778
10667
10223
10222
9778
10667
10222
10222
10222
10222
10222
10223
18667
2666
2222
2222
2222
2222
2222
2667
2222
2666
2222
2667
2222
2223
2222
2667
2222
2222
2222
2222
2223
2222
2222
2222
2222
2223
2223
2222
2222
2222
2223
2222
2222
2222
2222
2222
2222
2222
2222
1778
2222
2222
2222
2222
2222
2222
2222
2222
2222
2222
2222
2222
2222
2223
2223
2222
2222
2222
2222
2223
2222
2222
2222
1777
2222
2222
2222
2222
2222
2222
2223
1778
2222
2222
2222
2222
1778
2222
2222
2222
2667
2222
2222
2222
2222
2222
2222
2222
2222
2222
2222
2222
2222
2222
2222
2222
2223
1778
2222
2222
1778
2222
2222
2222
1778
2222
1778
2222
2222
2222
1778
2222
2222
1777
2223
2223
1777
2222
2223
1778
2222
2222
1778
2222
2222
1778
2222
2222
1778
2222
2222
2222
1778
2222
2222
2222
2222
1778
1778
2222
1778
2223
1777
2222
2222
1778
2222
1778
2222
2223
1777
1777
1778
2222
1778
1777
1777
1778
1778
1778
2222
2222
1778
2222
1777
1778
1778
2222
1778
1778
1778
1777
2222
1778
1778
2222
1778
1778
1777
1778
2222
1333
1778
1778
2222
1778
1777
1778
1778
1333
1778
2222
1778
1333
1778
1778
1777
1778
1778
1777
1777
1778
1778
1777
2223
1334
1777
1778
1778
1777
1778
1778
1777
1778
1778
1778
1778
1778
1778
2222
1778
1778
1778
1777
1778
1333
1778
1778
1778
1778
1778
1778
1778
1778
1333
2222
1778
1777
1334
1777
1778
1778
1778
1778
1778
1778
1777
1778
1778
1777
1777
1334
1778
1777
1778
1333
1778
1778
1778
1333
1333
1334
1333
1333
1778
1777
1334
1778
1778
1777
1778
1778
1777
1334
1778
1777
1334
1778
1778
1778
1778
1333
1778
1333
1778
1778
1778
1333
1778
1333
1333
1333
1778
1777
1778
1333
1778
1333
1778
1777
1778
2222
1778
1778
1778
1778
1334
1333
1778
1333
1778
1333
1778
1333
1778
1333
1778
1778
1333
1333
1334
1777
1778
1333
1778
1334
1333
1334
1778
1333
1778
1333
1778
1333
1778
1778
1333
1778
1333
1778
1333
1778
1778
1333
1333
1778
1333
1778
1333
1333
1334
1777
1334
1334
1333
1334
1777
1334
1334
1333
1778
1334
1777
1334
1333
1334
1334
1333
1333
1778
1333
1333
1778
1333
1333
1333
1778
1333
1334
1778
1777
1334
1333
1333
1333
1333
1334
1777
1778
1334
1333
1333
1333
1334
1334
1333
1333
1333
1334
1333
1333
1333
1333
1334
1333
1333
889
1334
1334
1333
1333
1777
1778
1334
1333
1333
1333
1333
1333
1333
1334
888
1333
1333
1333
1333
1333
1334
1333
1333
1333
1334
1334
888
1333
1333
1333
22666
1333
1778
888
1334
1333
1333
1333
1333
1334
1333
1333
1333
1334
1333
1334
1334
888
1334
1333
1333
889
889
1333
1333
1334
1333
889
1333
1334
889
1334
1334
889
1333
1333
889
889
1333
1333
889
1333
1333
1334
1333
889
1333
1334
888
1334
889
1333
889
889
1334
1333
889
1333
1333
1333
889
889
1333
1333
889
889
1333
1333
1333
1333
1333
1333
889
1333
889
1333
889
889
1333
1333
889
889
1334
1333
889
889
1334
1333
889
1333
1333
889
1333
889
889
889
888
1334
888
889
1334
1333
889
889
1334
889
1334
888
889
1333
889
1333
889
888
1334
889
889
889
889
1333
889
1333
1333
889
889
888
889
889
889
889
889
889
889
889
889
889
889
889
888
889
889
889
888
1333
1333
1334
889
889
889
889
889
889
889
888
1334
888
889
889
889
889
1333
889
889
889
889
889
889
889
889
889
888
889
889
889
889
889
889
889
889
888
889
889
889
889
444
889
889
889
889
889
889
889
889
889
889
888
889
888
889
889
889
889
889
889
888
889
889
889
889
889
889
888
445
889
889
444
889
445
444
