4444
3555
3111
3111
4000
3111
2666
3112
2667
2666
2666
2667
2667
2667
2667
2666
2667
3111
2667
3111
2666
2666
2667
4000
4889
3556
3111
2667
2667
2666
3111
2667
2667
3111
2667
2666
2667
4000
3556
3111
3111
2667
3112
3111
2666
3112
2667
2666
3111
3111
2666
2666
3111
2667
3111
3111
2666
3111
6222
3111
2666
3112
2667
2667
3111
3111
3111
3111
2667
2666
3555
3555
3111
3111
2666
3111
3112
3111
3111
3112
2667
3111
3111
2666
3111
3111
2667
1777
1778
1778
1334
1778
1778
1777
1778
1778
1778
1777
1333
1778
