4291
5053
3793
5424
3784
3483
3690
3755
3442
3732
3630
3701
3421
3766
3642
3704
3614
3686
3437
3609
3392
3573
3525
3535
3448
3447
3311
3669
3376
3366
3643
3410
3470
3640
3338
3681
3613
3478
3301
3592
3188
3697
3446
3581
3446
3427
3557
3416
3558
3189
3627
3521
3363
3364
3541
3566
3371
3336
3281
3466
3567
3505
3514
3571
3195
3317
3173
3448
3290
3381
3527
3297
3456
3317
3107
3459
3346
3566
3422
3210
3381
3236
3361
3227
3391
3360
3454
3183
3337
3251
3145
3075
3292
3248
3192
3233
3406
3349
3174
3173
3106
3267
3159
3168
5066
2907
3006
2719
2627
2498
2746
2550
2602
2506
2652
2708
2703
2707
2726
2715
2577
2482
2560
2452
2741
2613
2720
2580
2660
2692
2450
2429
2541
2660
2570
2580
2513
2662
2669
2564
2532
2447
2422
2561
2616
2505
2506
2612
2548
2501
2429
2504
2561
2519
2560
2565
2600
2355
2510
2541
2555
2512
2463
2476
2477
2546
2482
2616
2307
2565
2297
2443
2394
2571
2464
2550
2387
2404
2343
2270
2506
2502
41926
2392
2784
2739
2933
2865
2966
2874
2965
2842
2870
2773
2706
2842
2790
2958
17349
3130
2994
2871
2827
2964
3049
3039
2724
3017
2911
2935
2993
3030
2816
2862
2930
2935
2818
2992
2997
2748
2821
2881
2795
2980
2771
2780
2966
2950
2762
2989
2949
3278
3318
2951
2914
2681
2938
2975
2894
2945
2845
2691
2764
2759
2787
2864
2802
2932
2898
2699
2892
2881
2563
2754
2841
2930
2870
2870
2897
2696
2758
2707
2658
2608
2782
2761
2844
2813
2600
2638
2779
2688
2810
2832
2738
2911
2855
2750
2695
2711
2854
2719
2668
2627
2749
2749
2776
2642
2798
2557
2637
2675
2744
2734
2581
2534
2688
2562
2626
2732
2637
2490
2739
2723
2645
2670
2583
2473
2631
2423
2560
2610
2751
2542
2624
2528
2632
2453
2726
2591
2704
2641
2639
2462
2563
2430
2679
2506
2633
2489
2591
2664
2695
2545
2500
1933
1952
2164
2049
2058
2067
1948
2020
2131
1952
2102
1906
2042
1873
2007
2096
2100
1911
1998
2051
2028
1924
1924
1969
2034
2309
2210
2027
2038
1960
1898
1862
1961
1969
1899
1834
1922
1925
1899
1834
2012
1988
1968
1991
2002
1907
1898
1791
1891
2006
1878
1945
1937
1969
1836
1846
1917
1960
1989
1906
1947
1917
1970
1826
1940
1866
1749
1894
1759
1743
1762
1830
1926
1801
1958
1871
1767
1774
1821
1773
1923
1728
1780
1780
1890
1885
1852
1871
1718
1852
1746
1915
1846
1871
1779
1830
1823
1743
1865
1769
1845
1854
1789
1736
1820
1790
1782
1710
1787
1741
1801
1840
1771
1823
1685
1775
1618
1655
1703
1837
1755
1815
1634
1672
1785
1802
1661
1713
1696
1587
1801
1796
1634
1723
1846
1669
1712
1743
2040
1989
2036
2060
1974
2096
2029
2027
1998
2076
2026
2055
2002
2039
1986
2198
2391
2000
2085
2086
1995
1862
2036
2091
2092
2056
2066
1898
2006
2057
1936
1922
2075
1972
2057
1845
2064
1935
1877
1967
2051
1968
1960
1951
1916
1978
1965
1987
1851
1838
1993
1796
1971
1890
1978
1962
1979
1933
1855
1857
1908
1923
1879
1871
1898
1822
1867
1828
1859
1886
1787
1926
1834
1849
1955
1743
1803
1713
1786
1787
1928
1794
1780
1714
1814
1828
1745
1819
1812
1800
1733
1784
1707
1901
1769
1809
1704
1818
1674
1737
1691
1808
1801
1679
1780
1697
1833
1747
1794
1664
1690
1620
1692
1612
1766
1685
1666
1721
1693
1663
1747
1672
1661
1724
1753
1642
1658
1612
1745
1686
1713
1311
1301
1384
1395
1427
1323
1448
1343
1321
1233
1294
1345
1612
1517
1373
1361
1387
1291
1389
1592
1629
1667
1549
1620
1665
1517
1539
1906
1736
1604
1535
1597
1591
1603
1428
1625
1597
1566
1552
1485
1568
1531
1516
1449
1481
1492
1538
1457
1559
1507
1667
1521
1524
1499
1496
1538
1475
1516
1404
1512
1429
1456
1493
1443
1410
1561
1393
1510
1399
1390
1427
3624
1866
1622
1466
1475
1405
1482
1373
1395
1417
1483
1421
1437
1366
1429
1354
1349
1295
1435
1311
1459
1358
1401
1377
1451
1352
1371
1298
1420
1335
1422
1307
1324
1348
1258
1319
3623
19440
2371
2013
2090
2008
1985
1829
1898
1981
1979
1938
1614
1979
1372
1310
1347
1250
1335
1264
1375
1270
1290
1266
1344
1231
1271
1248
1300
1193
1171
1267
1266
1655
1429
1178
1234
1730
5385
1369
1373
1380
1335
1327
1444
1297
1332
1311
1304
1286
1280
1224
1346
1285
1282
1328
1209
1300
1253
1243
1254
1320
1151
1316
1164
1265
1176
1214
1235
1229
1171
1146
1143
1215
1169
1143
1185
1212
1181
1147
1146
1849
1199
1202
1121
1240
1166
1234
1088
1207
1051
1089
1147
1133
1133
1111
1090
1096
1057
1164
1057
1135
1104
1107
1121
1117
1082
1076
1091
1169
1099
1012
1016
1010
1015
985
1036
1018
994
1039
991
1040
1022
1037
999
1056
953
988
962
1023
2574
1120
945
861
961
812
881
779
785
825
734
789
790
746
788
783
795
748
778
743
739
719
753
708
859
840
843
798
832
812
875
914
868
798
851
813
882
799
823
762
864
804
797
794
839
13872
856
824
828
768
785
744
847
721
792
708
850
703
782
713
797
709
767
701
799
681
791
693
777
680
774
712
782
672
727
661
774
636
663
704
694
690
647
677
717
694
650
696
700
619
692
615
721
597
655
604
709
602
655
594
748
623
587
708
734
544
561
735
713
548
562
636
687
517
530
680
612
517
545
681
620
476
538
545
654
475
516
578
564
451
476
630
644
481
510
496
624
422
469
550
539
420
454
539
585
395
453
556
589
378
432
557
511
375
416
550
540
375
401
297
2.01606e+06