2720
3219
2485
18917
2632
2600
2586
2600
2469
2429
2670
2393
2433
2552
2465
2547
22790
2587
2658
2643
2618
2692
2445
2650
2625
2669
2558
2679
2433
2691
2609
2479
2680
2610
2492
2726
2407
2419
2470
2554
2645
2376
2663
2403
2645
2580
2663
2410
2415
2519
2423
2404
2568
2565
2576
2577
2604
2358
2398
2504
2418
2589
2595
2502
2546
2526
2353
2566
2345
2553
2526
2536
2481
2515
2555
2509
2470
2329
2422
2474
2536
2508
2482
2483
2550
2426
2372
2470
2406
2556
2474
2492
2345
2495
2457
2509
2458
2501
2251
2453
2432
2464
2373
2526
2643
2458
2518
2507
2581
2577
2552
2341
2505
2506
2308
2385
2340
2411
2380
2541
2314
2545
2521
2500
2556
2360
2495
2338
2493
2367
2306
2466
2479
2514
2494
2465
2533
2481
2553
2473
2524
2422
2479
2415
2317
2267
2277
2247
2386
2262
2535
2391
2256
2544
2241
2482
2382
2308
2241
2448
2386
2445
2231
2421
2420
2445
2340
2318
2265
2344
2403
2438
2366
2428
2206
2417
2349
2272
2303
2356
2411
2196
2427
2389
2288
2170
2255
2291
2360
2179
2334
2359
2283
2213
2288
2176
2151
2200
2344
2371
15967
2408
2462
2419
2458
2376
2453
2405
2229
2208
2260
2353
2254
2339
2260
2187
2195
2298
2346
2346
2174
2315
2203
2389
2332
1990
1815
1987
1902
1804
1854
1991
2173
2001
1930
1844
1892
1928
1774
1757
1794
1936
1928
1933
1914
1922
1926
1941
1809
1926
1864
1793
1776
1922
1906
1834
1938
1726
1871
1731
1775
1881
1882
1865
1914
1748
1898
1768
1920
1878
1949
1861
1857
1919
1716
1901
1719
1755
1723
1865
1824
1852
1694
1838
1857
1698
1845
1775
1854
1785
1837
1794
1830
1726
1817
1709
1680
1694
1778
1826
1779
1833
1711
1807
1762
1816
1632
1851
1662
1783
1794
1697
1661
1806
1719
1772
1700
1756
1700
1797
1797
1903
1703
1767
1723
1746
1604
1623
1704
1737
1705
1728
1757
1701
1753
1618
1666
1695
1768
1687
1716
1728
1746
1732
1657
1740
1712
1595
1732
1695
1611
1691
1706
1614
1678
1721
1689
1569
1680
1644
1745
1753
1707
1601
1607
1651
1666
1552
1685
1550
1588
1556
1686
1662
1592
1531
1670
1544
1645
1503
1512
1554
1521
1660
1516
1653
1517
1666
1495
1540
1762
1723
1818
1732
1712
1740
1781
1898
1703
1858
1701
1779
1787
1746
1806
1890
1680
1836
1761
1838
1662
1831
1656
1781
1746
1840
1881
1704
1888
1829
1817
1732
1805
1794
1704
1696
1739
1772
1847
1769
1734
1856
1862
1781
1803
1686
1818
1648
1857
1795
1662
1719
1749
1803
1665
1765
1651
1786
1725
1790
1648
1796
1714
1750
1727
1764
1700
1730
1754
1662
1783
1758
1653
1596
1747
1763
1690
1783
1667
1685
1685
1717
1688
1746
1695
1766
1701
1709
1629
1619
1665
1730
1628
1606
1607
1692
1685
1623
1827
1703
1600
1673
1609
1613
1574
1500
1628
1688
1478
1481
1551
1670
1605
1593
1302
1351
1318
1380
1340
1332
1320
1320
1270
1309
1359
1329
1347
1317
1354
1296
1288
1279
1260
1261
1304
1308
1206
1285
1305
1327
1296
1342
1279
1250
1217
1207
1236
1277
1509
1446
1490
1402
1513
1454
1399
1426
1478
1436
1478
1419
1461
1396
1472
1395
1463
1436
1454
1350
1340
1404
1401
1365
1336
1370
1347
1370
1387
1413
1361
1439
1287
1438
1320
1407
1342
1388
1353
1321
1256
1309
1309
1375
1306
1324
1290
1297
1363
1331
1272
1395
1314
1276
1329
1352
1318
1326
1369
1308
1322
1237
1338
1340
1213
1329
1264
1303
1233
1287
1254
1296
1253
1293
1309
1279
1306
1257
1542
1445
1353
1269
1268
1224
1262
1268
1263
1269
1320
1329
1185
1301
1305
1234
1271
1240
1177
1302
1211
1277
1231
3248
1745
1332
1241
1145
1224
1261
1160
1272
1207
1221
1283
1224
1236
1190
1187
1201
1192
1214
1239
1210
1216
1112
1233
1097
1203
1182
1149
1167
1154
1104
1220
1142
1162
1142
1172
1098
1197
1151
1143
1124
1190
1250
1085
1217
1074
1133
1124
1160
1179
1174
1102
1117
1125
1172
1258
1114
1089
1136
1093
1043
1071
1057
1099
1034
1091
1037
1079
1060
1059
1112
1112
999
1124
1025
1053
1034
1111
1068
1085
1182
1063
1067
1089
1065
1138
1061
1056
1070
1041
1141
1018
1078
1023
1096
1000
1105
1004
1062
1030
1079
1032
1090
1022
1058
1286
1228
1050
1116
1594
1416
1152
1080
1287
1148
1064
1056
1098
1026
1058
1065
1121
1073
1037
947
1084
967
1108
958
1072
968
1113
977
1091
987
1080
800
1177
814
862
761
915
769
853
906
850
783
814
764
1233
973
1057
910
1026
961
977
959
983
938
986
912
1057
928
963
868
993
959
996
910
989
880
902
924
908
897
902
889
910
927
919
880
896
922
900
896
893
892
879
850
890
876
847
855
938
808
875
841
846
896
815
912
808
897
793
864
767
888
834
872
781
893
787
841
766
884
755
874
804
860
730
831
730
855
741
850
733
798
794
783
771
807
774
792
756
777
794
796
804
782
750
699
729
778
760
696
745
762
722
727
736
747
699
701
716
772
720
670
688
737
653
734
632
766
639
686
604
733
617
688
621
708
594
679
618
724
590
673
613
715
567
633
554
686
571
625
574
646
625
683
562
661
538
2792
1335
875
571
625
612
637
837
809
810
903
819
749
862
855
685
690
1064
821
570
613
977
995
697
680
870
892
674
608
1019
791
665
671
890
687
399
459
520
577
425
466
579
619
446
429
556
672
455
533
534
534
430
400
497
522
403
395
514
449
356
376
475
575
352
368
448
519
351
371
339
1.5926e+06