10350
11238
10692
10378
11179
10421
11336
11080
11311
10956
11227
13764
24149
10503
10662
10329
10560
10356
10791
11054
10752
10500
10491
10496
51190
32364
30948
14267
12289
10717
11222
10691
11102
11318
11069
11450
10913
11249
11161
11233
11032
11209
10496
11126
10304
11228
11101
11185
11057
11128
11265
11133
10999
11243
11150
11127
10288
11226
10477
11107
10436
11116
11057
11115
10969
10510
10457
11168
10294
11217
10412
10993
10439
11139
10885
11085
10976
11182
10249
11037
22531
8967
25158
8994
8598
8691
8904
8963
8451
8996
8829
8952
9079
9001
8332
9023
10908
11039
10877
11014
10629
10951
11070
10994
10106
10830
10262
11041
10486
10945
10929
10915
10748
11132
10189
11060
10354
11049
10891
11034
10432
11057
10769
11009
10138
10956
10393
10310
10867
10936
10342
10881
10829
10348
10824
10492
10948
10884
10852
10919
10920
10324
10810
11065
10778
10909
10815
11003
10959
10875
10800
10864
10812
10966
10714
10281
10700
10939
10758
10828
10055
10903
10340
11291
11191
10801
11184
10746
10946
10598
10872
10004
10176
10095
11302
9924
10783
9927
10815
10813
10799
9993
10832
10063
10748
10284
10658
9990
10655
10003
10271
10074
10234
10601
10787
10651
10729
10297
10679
10133
10677
10634
10765
10633
10001
10475
10677
10656
10705
10170
10748
9994
10909
25805
28128
8673
8674
8162
8245
8252
8591
8004
8661
8223
8676
7870
8620
8495
8551
8659
8720
8136
8536
7962
8593
8208
8629
8544
8656
8575
8621
8000
8614
8609
8592
8111
8569
7902
8272
8233
8585
8057
8630
8207
8619
8476
8599
8553
8635
8443
8629
8480
8644
7843
8553
8418
8680
8021
8531
8105
8602
8040
8109
8520
8087
7972
8567
23463
9881
9654
9292
8890
9764
9117
9748
9716
9768
9736
9706
9661
9685
10415
10056
9033
9159
9068
9034
9116
9292
9596
9821
9555
9731
9226
9142
9091
9861
9092
9555
9547
9059
9640
9175
9568
9014
9152
9176
9542
9181
9203
9559
9671
9177
9789
9609
9101
9629
9510
9189
9579
9614
23361
10194
9404
9327
9405
9297
9892
9928
9898
9899
9856
10070
9882
9786
10038
9922
9896
9893
9836
9845
9853
9839
9953
9848
9844
9838
9828
8577
7964
23495
8550
21853
8346
44429
10620
26754
9783
9030
9612
9906
9662
9890
9754
9795
9824
9022
9003
9182
9003
8938
8999
8863
9080
9031
9819
8892
8957
9894
9601
9663
9293
9731
9721
9246
9713
9118
9672
9203
8997
9705
9080
9205
9087
9725
9168
9107
19212
9684
9608
9769
9429
10036
9308
9639
9314
11824
10390
35593
11943
9218
8919
8923
9608
10858
9534
9169
9025
8950
9074
9469
9678
9674
9517
9635
9448
9710
9719
9825
9042
9599
9791
9120
9051
10520
11749
9596
9636
9753
9568
9086
9602
9497
9656
9560
9793
9056
8975
9022
8997
9601
9531
8952
8938
9490
9017
9440
9632
9641
8940
8932
9364
9654
9076
8868
9664
9684
9042
8827
9443
9437
9109
9342
9673
9092
9609
9140
9521
8892
10282
33730
10797
8343
9149
31764
9043
8726
8987
8923
9761
9336
9557
9677
8707
9388
8887
9369
8902
8800
8838
8898
9104
8884
9506
9615
8904
8836
9375
8913
8818
9591
9532
9516
8925
8880
8853
8838
8855
8892
8914
8857
9311
9565
8909
9648
9594
8833
9510
8957
8902
9523
9486
8774
9515
9278
8799
8754
9421
8840
9017
8729
9303
8741
9419
8770
9214
8804
8884
8708
8904
9422
9249
8685
9295
8790
9153
8856
9347
8684
9334
8800
9272
8831
9208
9362
8742
9300
9379
9355
9186
8663
9309
9117
9055
9256
9218
8539
9270
8710
9166
8699
9169
9318
9000
9010
9260
9013
9201
9258
9174
8673
9238
8746
9129
8715
9097
8555
9307
9305
9183
8670
9205
8722
9106
8665
9156
9282
9251
9114
9212
9183
9118
8513
9010
8820
9074
8477
9216
8526
9061
8316
9077
9066
9167
9293
9017
7992
21991
7383
7932
7388
7951
7459
7902
7947
8787
8159
8662
8866
8813
8797
8649
8725
8719
8121
8715
8802
8766
8172
8591
8274
8645
8077
8472
7967
8678
8310
8719
8219
8603
8842
8602
7934
8555
8174
8821
8771
8090
8621
8020
8569
8669
8749
7997
8744
7988
8551
8520
8608
8236
8555
8637
8662
8312
8938
8434
8888
8942
8966
8978
9030
8926
9016
8815
8767
8515
9039
8214
8906
9034
8922
9004
8980
8500
8904
8854
8954
8917
8755
8873
8840
8338
8996
8463
9067
8350
8722
8803
8891
8306
9058
9165
9026
8413
8925
8804
8881
8256
8854
8393
8968
8940
8761
8444
8575
8482
8433
8878
9061
8440
8655
8311
8749
8443
9509
8375
8703
8263
8865
8348
8968
9020
8556
8785
8517
8339
8631
8879
8938
8801
8859
8774
8678
8926
8519
8950
8824
8391
8808
8210
8940
51133
11477
7603
7660
24414
8069
8653
8684
8093
8101
8322
8648
8210
8906
8745
8183
8660
8106
7984
8849
8783
8268
21527
14417
8517
8634
8452
8817
8703
8526
8709
8628
8848
8695
8079
8787
7974
8508
8003
8630
8134
8578
8206
8811
8287
8680
8233
8625
8169
8929
8607
8509
8721
8745
8533
8458
8073
8834
7958
8787
8261
8990
8133
8623
7968
8507
8791
8734
8202
8110
8088
8504
8363
8671
8785
8405
8436
8860
8503
8072
8536
8450
8640
8473
8024
8460
8493
8387
7943
8426
8585
8467
8765
8453
8638
8455
8353
8323
7879
8602
7940
8312
8540
8720
8135
8399
8610
8549
8572
8464
7817
8636
8691
8394
7930
8642
7823
8468
8044
8290
21786
7459
7513
7399
7157
7491
28981
8388
8629
8357
8503
8457
7855
8186
7783
8405
8587
7951
7851
8362
8646
8299
8371
8164
7881
8341
8394
8660
8500
8238
8543
8969
8242
7958
8424
8410
7934
8258
8236
8368
7661
7815
8194
8468
7647
7649
8297
8320
8495
7798
8435
8476
7702
8278
8200
8407
8397
8275
8412
8226
21508
7360
7089
7430
7214
7440
7192
7201
7266
6754
7033
7114
7085
7108
7135
7325
7052
6919
6673
6600
6786
6622
7061
7102
7137
7201
7093
7125
7169
7210
7127
7131
7027
7140
7127
7110
7157
7063
7061
7199
6967
7107
7028
7134
7066
7148
7182
6661
6687
6580
7108
11914
7098
7027
6624
6496
7047
7002
7069
7051
7182
7013
7021
6983
6648
6981
7086
7035
7072
20398
8135
7947
8114
7983
7790
7998
7959
7745
7802
7724
7921
7885
7252
7817
7729
7691
7734
7638
7696
7710
7729
7630
7727
7583
7732
7681
7659
7764
8324
7972
7752
7918
7735
7748
7892
7285
8154
7345
7530
7311
8106
7630
7865
7693
7412
7727
7761
7686
7793
7785
8043
7374
7956
7606
7910
34643
8806
8190
7661
7594
7669
7119
7564
7997
8555
7879
7384
7319
7802
10902
9678
10188
9708
11347
10111
9977
7449
7419
7836
7219
7391
7184
7373
7386
7312
7786
7803
7870
7935
7822
7980
7341
7227
7513
7332
7882
7715
7853
7328
7301
7760
7951
7339
7812
7293
7816
7305
7422
7226
7293
7740
7227
7809
7194
7778
7869
7796
7368
7774
7263
7318
7251
7343
7713
18611
7726
6707
6380
8210
9196
7492
7371
7098
7452
7411
7388
7568
7366
6943
7363
7071
7398
7374
6956
7129
7448
7124
6899
6875
6920
6969
7386
8427
7312
6736
7320
7056
7575
7355
7371
7352
6667
7506
7337
7582
6675
6821
6688
7414
6719
7413
6679
6781
6747
6688
7326
6771
6890
6745
7345
6817
7410
6762
8678
8982
9061
7213
6922
6795
7417
7202
7517
7472
6904
7655
6748
7172
6956
7384
7186
7204
6658
7370
6844
7320
7211
6846
7134
6925
7537
6944
7009
6967
6915
7461
7063
7044
7346
6927
6928
7279
7140
6996
6928
7282
7420
8264
7344
7428
6923
7124
7054
7432
7423
7136
7034
6951
7452
6924
7024
7042
7160
6832
7261
6940
7043
6878
6902
7392
7474
7583
6896
7023
6949
7098
6955
7328
7011
6959
7360
7300
6901
7091
7299
7124
6962
6952
6953
6772
6978
6854
6899
6801
7081
7317
7453
6977
6947
7308
6921
6822
6947
6925
6852
7354
7514
6653
6826
7330
7019
6946
6753
6885
7123
7264
6710
6846
7042
6909
6984
6700
7233
6856
6899
7019
7284
7202
6809
7310
7262
7013
7351
6872
6642
6844
6756
6814
6781
7267
7261
6665
6837
7374
6660
6774
6690
7308
39823
7478
6709
5835
5784
5878
6279
5751
6201
5791
5711
6202
5814
6216
6233
6244
6264
5794
6018
5746
5707
5725
5844
5732
6172
6225
5665
6258
5633
5847
6154
5690
5717
5661
6137
5818
5832
5734
6557
6162
5674
5761
6091
5677
5741
5765
6116
6130
6184
5710
5754
6050
6083
5867
5633
6202
5689
6207
5671
5858
5707
6194
5654
6069
5804
6111
5625
5642
5682
6238
5648
6083
5608
6130
6133
5688
5645
5644
5871
5670
5585
5741
5710
5591
5594
6374
5852
6169
6099
5820
5663
5922
5680
5810
5668
5863
6060
5813
5672
5801
5716
5851
5614
5794
6063
5786
5674
5831
5644
5708
5686
5740
5545
5818
5979
5747
5692
6079
5926
5864
5612
5786
5916
5782
6022
5718
5752
5758
5956
5700
5498
5795
6001
6063
5999
5679
5943
5741
5613
5784
5932
5746
5617
5704
5934
5987
5591
5763
5532
5794
5943
5729
5954
5774
5527
5684
5490
5687
5561
5786
5512
5739
5530
5797
6431
6089
6012
6082
5933
6410
5767
6087
5887
6463
6305
6315
5855
6479
5859
6123
5967
6076
6421
6071
5841
6405
5840
6253
5766
6025
6217
5945
5841
5949
5787
6048
7345
6393
5769
6046
6168
6043
5752
6071
6202
6100
6158
5994
6269
6055
6107
6043
6182
6391
7611
5871
32437
6386
6049
5928
6054
5802
6004
6449
6438
6392
6440
5925
6138
6028
6516
6027
6400
5401
5768
5315
5481
5306
5730
5343
5449
5333
5817
5343
5458
5346
9832
7218
5561
23333
6195
5816
5441
5240
5848
5698
5472
5325
5441
5756
5456
5799
5491
5330
5552
5628
5794
5255
5734
5704
5327
5290
5388
5673
5389
5268
5427
5677
5421
5702
5321
5199
5394
5318
6732
6556
5502
5737
5782
5199
5649
5617
5674
5575
5383
5180
5428
5656
5366
5128
5732
5558
5367
5112
5648
5645
5285
5137
5682
5214
5620
5564
5366
5674
5364
5153
5259
5494
5763
5147
5659
5127
5645
5621
5651
5667
5343
5118
5716
5082
5709
5599
5366
5224
5354
5046
5614
5574
5270
5183
5193
5852
5665
5579
5015
5496
6889
5987
5086
38395
5930
5553
16788
6968
7239
5528
6622
6923
5604
5795
5973
5824
5981
5853
5812
5386
5506
5721
5835
5399
5745
5786
5445
5471
5470
5300
6160
5402
5479
5479
5798
5409
5365
5429
23239
5586
5500
5565
5510
5683
5511
5976
5534
5971
5882
5676
5545
5424
5571
5945
5523
5875
5512
5699
5490
5537
5544
5508
5593
5901
5450
5962
5515
5591
5550
5494
5527
5654
5445
5990
5822
5544
6024
5873
5507
5999
5380
5902
5750
5458
5540
5654
5513
5803
5450
5718
5470
5939
5756
5791
5810
5513
5507
5498
5845
5340
5915
5382
5751
5349
5433
5424
5421
5458
5792
5362
5432
5429
5766
5898
5348
5436
5337
5505
25384
5628
5316
4938
5176
5019
4952
4882
5221
4800
5233
5266
5629
5247
5018
4815
5203
5153
5177
5177
5306
5229
5406
4711
5352
5410
5650
5364
5554
5535
5255
4761
5923
5314
5462
5310
5552
5208
4741
5458
5700
5177
5764
5628
5186
5188
5351
4878
5254
5011
5246
5084
5194
5054
5267
5305
5268
4730
4971
5196
5289
4709
5261
5233
5135
5357
4741
5029
5066
4707
4683
4717
5175
4989
4792
5071
4833
4690
4712
5106
4979
5250
5285
4686
5128
5517
5425
5009
5520
5009
5478
22978
5606
5557
5554
5560
5253
5982
5617
5539
5086
5495
5374
5054
5175
5811
5132
5079
5613
5355
5543
5563
5493
5669
5075
5464
5291
5119
5000
5420
5555
5047
5446
5521
5745
5034
5083
5407
5606
5632
5054
5132
5480
6495
5807
5543
4969
5417
5180
4921
5119
5000
5519
5031
5524
5008
5308
5098
5393
5014
5340
5012
5374
5424
5392
5002
4986
5653
5473
5333
4958
5366
5374
5406
5289
5324
5391
5075
5332
4967
5070
4990
5526
5460
5047
6468
5368
4927
5256
5054
5258
42623
5128
5082
5143
5202
5799
5557
5044
5536
5727
5465
5483
5531
5086
5107
5064
5044
5521
5116
6111
8546
8981
5168
5647
5236
5300
5070
6944
5471
5147
5561
5042
5538
5041
5232
5098
5031
5388
6155
5060
22418
4922
4506
4862
4753
4459
4642
4462
4797
4624
4771
4308
4803
4311
4708
4389
4665
4688
4403
4894
4431
4782
4616
4747
4321
4839
4366
4355
4834
4720
4325
4410
4403
4389
4660
4306
4291
4738
4299
4281
5457
4474
4909
4354
4746
4315
4786
4612
4616
4623
4464
4325
4688
4605
4649
4382
4710
4433
4712
4374
4593
4655
4750
4619
4709
4665
4612
4716
4987
4334
5119
4662
4577
4308
4426
4273
4701
4210
4651
4564
4572
4574
4620
4527
4480
4516
4698
4356
4647
4584
4599
4240
4524
4471
4715
4505
4301
4177
4465
4265
4473
4199
4648
6960
5027
4681
4837
4611
5088
4568
5043
4705
4786
4904
5108
4919
4960
4512
4962
4994
4933
4932
4973
4535
4848
4853
5038
4614
5086
4530
5039
4582
4953
4852
4902
4655
5003
4824
4986
4533
4914
4544
4868
18583
4949
5057
5115
4635
4837
4697
5002
4708
4985
4732
5081
4684
5074
4821
5082
4696
5021
4773
5052
4642
5033
4742
4926
4637
5021
5334
4630
4994
4964
4944
4612
4931
4964
4849
5015
5032
4961
4933
4698
4887
4989
4915
4576
4976
4993
4867
4972
5060
4969
5025
4683
4817
4900
4920
4531
4768
4872
4973
4933
4790
4565
4920
4522
4846
4495
4933
4911
5067
4949
4820
4598
4799
4983
4750
4851
4795
4856
4861
4437
4874
4402
4896
4490
4744
4499
4993
4471
4919
4850
4868
4466
4830
4438
4848
4447
4888
4900
4811
4861
4808
4749
4860
4763
4786
4406
4828
4775
4750
4777
4719
4504
4733
4561
4672
4561
4754
4475
4781
4534
18363
4074
4289
4083
4252
4086
4243
4093
4189
4112
4188
3810
4247
3779
3981
4181
4007
3804
4068
4141
4162
3884
4099
3779
4096
3869
4190
4138
4092
4039
4114
3856
4179
4275
4331
4050
3773
3800
4135
4147
4040
3857
4044
4074
4021
4060
3996
4056
4011
4042
3947
4000
4044
4039
4044
3841
4036
3796
4008
4054
3995
3979
3954
3835
3921
3729
3943
4057
3965
3891
3975
3955
3992
3877
3997
3620
3998
3900
3999
3611
3993
3695
4007
3748
3893
3980
3933
3687
3882
3702
3912
3738
3873
3892
3884
3958
3849
3762
3885
3918
3928
3923
3978
3876
3910
3860
3908
3566
3886
3890
3860
3881
3898
3596
3589
3923
3841
3884
3855
3620
3596
3823
3821
3658
3825
3871
3869
3548
3867
3644
3843
3894
3692
3557
3792
3673
3838
3592
3795
3591
3806
3597
3793
3790
3562
3824
3715
3807
3750
3476
3791
3894
4183
4027
4220
4177
4202
4231
4077
4204
4252
4674
4400
4185
4285
4033
3928
4366
4072
4083
4123
4354
4095
4241
4101
4337
4548
4016
4021
4082
3904
4034
4101
4166
4118
3952
4113
3973
3764
3988
17453
4362
4184
4038
4227
4339
4021
4251
4232
4156
4175
4077
3931
4289
4243
4310
4198
4051
3862
4262
4195
4067
3886
4054
4146
4082
3876
3989
3958
4252
3797
4302
3831
4094
3805
4095
4063
4019
4158
4241
3851
4239
3978
4157
4144
3983
3905
3971
3794
3948
3826
4180
4108
4023
4074
4000
3792
3937
4125
4167
4027
4171
3746
4222
3959
3940
4031
4017
3760
3861
3737
3952
4039
4079
4097
3871
4085
3946
4139
4077
3997
3902
4103
3871
3996
4100
3954
3944
3938
3987
3763
3840
4085
3910
4039
3838
4041
3811
3779
3653
3508
4599
3590
3194
3653
3401
3634
3167
3511
3497
3460
3539
3482
3331
3236
3317
3483
3267
3426
3477
3451
3334
3399
3205
3455
3179
3153
3244
3133
3493
3360
3417
3441
3400
3388
3305
3385
3209
3306
3184
3336
3405
3422
3296
3202
3284
3420
3081
3386
3109
3363
3201
3019
3390
3363
3420
3132
3329
3433
3299
3052
3096
3149
3247
3152
3125
3152
3062
3354
3075
3376
3032
3336
3316
3343
3286
3229
3283
3289
3087
3261
3334
3274
3317
3211
3088
3293
3322
3338
2996
3296
3286
3293
3142
3237
3213
3260
3019
3274
3243
3262
3176
3320
3311
3286
3274
3049
2984
3260
3145
3247
2980
3119
3141
3018
2953
3226
3013
3188
3039
3187
3006
3220
2990
3197
3228
2920
3393
3390
3194
2895
3212
2994
2965
2892
2978
2963
2957
3205
3091
3268
2902
3252
2829
2925
3061
2925
3243
3154
3083
3141
2875
3132
2877
2867
2953
2897
3110
2943
3095
3136
3089
3147
3046
2981
3064
2893
2831
3105
3031
3156
3080
3114
3076
3111
3067
3039
3135
3050
3098
2991
3114
3022
2891
2888
2869
3023
2811
2778
2887
3022
2866
3006
3070
3055
2865
2992
3088
2975
2875
2994
2838
3031
3059
2931
3016
3051
2840
2715
2819
3013
2856
2938
2869
3012
3021
2721
2774
2756
2963
2808
2680
2873
2965
2996
2948
2977
2926
2992
2928
2770
2941
2780
2847
2870
2952
2980
2910
2958
2944
2968
2649
2914
2915
2755
2804
2883
2733
2900
2946
2860
2745
2709
2731
2905
2794
3075
2836
2933
2926
2924
2643
2933
2632
2887
2893
2676
2654
2889
2905
2728
2844
2865
2834
2691
2871
2913
2811
2618
2685
2844
2577
2731
2568
2557
2853
2645
2650
2636
2669
2694
2899
2794
2822
2623
2682
2552
2821
2573
2825
2773
2816
2786
2728
2587
2609
2735
2870
2787
2833
2766
2796
2733
2778
2747
2545
2740
2639
2742
2765
2750
2754
2563
2505
2703
2526
2764
2497
2706
2684
2742
2680
2702
2526
2731
2542
2731
2754
2689
2530
2681
2489
2553
2504
2678
2626
2797
2468
2686
2636
2481
2651
2688
2604
2684
2451
2567
2630
2717
2633
2660
2506
2521
2461
2671
2460
2677
2453
2709
2594
2480
2491
2396
2486
2590
2635
2584
2642
2597
2606
2607
2618
2628
2803
2662
2365
2442
2579
2630
2600
2539
2600
2580
2601
2611
2398
2566
2578
2536
2600
2526
2554
2545
2573
2510
2579
2517
2564
2391
2505
2534
2611
2548
2551
2300
2375
2514
2568
2567
2517
2504
2542
2446
2547
2516
2329
2284
2528
2494
2491
2465
2469
2559
2475
2483
2458
2507
2433
2533
2440
2486
2413
2522
2249
2449
2469
2455
2426
2494
2458
2454
2424
2496
2253
2443
2308
2426
2534
2421
2413
2506
2376
2495
2396
2483
2383
2430
2377
2261
2416
2475
2262
2294
2323
2391
2381
2435
2395
2449
2354
2405
2454
2154
2183
2383
2249
2390
2413
2407
2311
2247
2323
2364
2378
2362
2291
2188
2317
2434
2357
2225
2317
2357
2279
2368
2165
2165
2167
2170
2280
2191
2495
2404
2137
2133
2162
2161
2080
2253
2124
2320
2079
2298
2103
2314
2238
2139
2111
2318
2240
2284
2113
2105
2278
2189
2053
2285
2096
2318
2189
2334
2109
2302
2043
2253
2274
2367
2207
2369
2151
2166
2259
2359
2221
2323
2231
2282
2245
2249
2296
2048
2208
2111
2182
2245
2321
2230
2155
2091
2136
2049
2284
2100
2131
2118
2233
2249
2061
2298
2065
2109
2054
2268
2218
2282
2162
2095
2205
2129
2072
2048
2206
2226
2183
2236
2019
2200
2061
2091
2144
2070
2025
2151
2002
2217
2055
2064
2141
2098
2085
2030
2007
2061
2105
2211
1969
2035
2051
2017
2143
2191
2026
2191
1938
2062
2110
2148
1923
2119
2068
1980
2135
2019
2003
2077
2130
2049
2096
1938
2126
2082
1941
2043
1964
2051
2085
2003
1933
2049
1989
2108
2097
2075
2117
1939
2000
2074
2119
2048
2145
1846
1926
1975
1924
2017
2080
2012
2025
1996
1966
2022
1980
1886
1897
1991
2055
2026
2041
1955
1932
1966
1996
1960
1894
2023
2044
2010
2032
1964
2030
2078
1944
1968
2036
1973
2024
2042
2010
2049
2024
2007
2037
1981
1994
1942
1845
1992
2072
1848
1847
1956
1928
2007
2054
1975
2024
2011
1995
1841
1969
15536
1702
1912
1814
1872
1742
1878
1691
1810
1680
1841
1685
1649
1835
1736
1884
1788
1728
1889
1939
1897
1910
1780
1805
1953
1868
1758
1717
1846
1785
1916
1893
1914
1903
1912
1892
1743
1931
1722
1856
1885
1824
1795
1873
1844
1771
1784
2102
1881
1884
1812
1715
1803
1881
1855
1827
1858
1792
1891
1852
1722
1652
1710
1724
1858
1764
1693
1762
1734
1802
1694
1659
1672
1662
1671
1683
1676
1740
1806
1686
1654
1747
1808
1632
1694
1754
1640
1663
1611
1661
1701
1751
1669
1649
1698
1703
1687
1685
1607
1573
1713
1694
1643
1615
1653
1696
1730
1703
1697
1815
1700
1614
1671
1745
1659
1731
1654
1656
1693
1755
1766
1705
1647
1690
1636
1600
1632
1572
1610
1735
1737
1717
1736
1676
1606
1551
1604
1548
1697
1637
1737
1625
1648
1706
1499
1612
1571
1606
1539
1658
1598
1608
1622
1573
1557
1615
1610
1538
1530
1558
1533
1585
1489
1588
1668
1538
1642
1526
1625
1597
1628
1597
1602
1573
1561
1728
1731
1610
1570
1612
1564
1505
1439
1543
1485
1592
1543
1532
1534
1476
1544
1419
1495
1513
1574
1437
1585
1491
1557
1485
1586
1514
1469
1509
1433
1475
1443
1487
3357
1771
1522
1410
1436
1379
1480
1441
1423
1340
1496
1445
1486
1452
1502
1345
1481
1422
1491
1408
1495
1352
1471
1442
1373
1398
1385
1407
1443
1414
1485
1410
1318
1350
1412
1279
1443
1294
1341
1276
1353
1275
1429
1362
1412
1259
1320
1377
1338
1313
1386
1409
1475
1437
1335
1347
1356
1286
1323
1409
1414
1282
1352
1272
1354
1367
1271
1330
1271
1372
1300
1366
1310
1281
1306
1239
1322
1357
1254
1329
1335
1244
1271
1338
1214
1377
1230
1367
1263
1309
1213
1211
1360
1219
1330
1490
1569
1224
1241
1328
1295
1248
1219
1224
1256
1338
1183
1325
1185
1213
1225
1201
1179
1305
1180
1268
1156
1237
1249
1190
1193
1220
1218
1181
1213
1188
1159
1176
1232
1269
1230
1253
1182
1264
1197
1132
1179
1112
1235
1153
1170
1140
1146
1105
1138
1209
1134
1177
1080
1170
1069
1148
1192
1073
1213
1076
1112
1157
1121
1103
1130
1091
1059
1183
1062
1187
1048
1084
1062
1068
1102
1141
1023
1074
1106
1102
1163
1095
1122
999
2853
1376
1016
1000
886
925
888
952
856
926
912
979
904
902
847
956
904
958
833
892
898
903
883
926
861
950
889
931
831
886
881
913
822
939
842
854
881
849
839
884
982
955
945
1216
1023
969
983
1626
1341
1111
1005
1145
1029
1058
964
1078
930
1111
944
1044
940
1030
953
941
918
961
951
978
947
936
968
1005
976
900
926
919
939
940
935
962
951
886
918
928
917
898
869
902
916
885
906
937
900
874
900
945
888
834
903
925
878
837
883
845
1099
809
878
903
861
823
854
874
850
832
848
822
849
863
849
832
830
781
778
856
795
836
780
798
818
756
794
868
804
809
815
782
774
789
798
772
834
745
786
704
852
741
807
762
833
708
822
754
794
734
762
704
820
708
720
731
746
722
709
736
713
720
688
739
726
718
666
697
726
636
735
621
790
630
711
634
793
624
660
673
706
675
680
665
735
655
646
669
2455
879
717
731
817
655
693
611
728
613
656
620
729
596
659
580
666
644
586
592
679
603
619
550
649
587
578
539
642
535
542
586
623
578
555
566
666
517
532
612
622
552
560
539
604
569
539
679
614
578
445
618
630
489
423
660
669
419
430
575
675
436
450
565
581
373
407
539
560
361
401
518
619
365
402
551
544
352
391
498
539
354
395
548
549
350
388
471
569
318
380
449
467
307
348
493
604
303
354
410
488
372
312
567
408
344
290
381
2.16078e+07