22689
6804
3581
3261
3282
3411
3348
3354
3361
3838
3382
3153
3129
3304
3287
3159
3251
3178
3119
3192
3215
3443
5674
3437
3723
3217
3333
3440
3102
3202
3245
3162
3280
3300
3309
3425
3210
3274
3162
3276
3165
3137
3365
3235
3137
3152
3177
3135
3131
3188
3229
3140
3152
3125
3179
3158
3200
3151
3115
3177
3181
3189
3094
3164
3152
3148
3234
3232
3192
3638
3864
3223
3142
3164
3108
3232
3123
3171
3159
3188
3197
3074
3176
3100
3106
3185
3125
3026
3082
3072
3149
3146
3050
3140
4867
4748
3351
3499
3220
3097
3115
355083