2412
5526
2840
1668
4801
3747
17445
2135
4806
1618
3027
3578
1903
3884
2409
25490
5048
4879
3256
2681
2292
3859
3438
2691
22523
3926
3742
2590
1519
1376
3485
2822
2951
1957
1604
3117
3283
3096
1073
2601
1540
2819
828
4029
951
1258
3243
3857
1280
4485
3230
1206
1636
1166
1463
1075
1281
602
1134
4561
2566
1286
1149
3099
3001
3058
892
720
3912
1986
1302
902
3512
1610
1351
1190
1351
837
1096
1495
1012
744
3947
4138
1719
3600
10548
1243
4385
1077
3631
2059
5293
1141
1086
984
22601
4768
1405
1516
3105
1902
1393
867
4061
1032
809
1583
4280
4302
3384
1520
1243
2844
4104
4239
1309
3200
3152
1614
3047
783
2218
3765
3277
4087
1358
3170
10689
3410
1910
1108
4354
2134
1462
2979
1632
1295
1029
1929
3236
3468
3340
4275
1541
4246
1400
3129
4052
1816
1874
4302
2906
3058
3925
1141
4299
3401
2318
1883
3428
3547
1743
2390
2627
2767
1094
1420
2591
3180
3308
811
1392
1492
1167
887
1206
2667
3183
2243
3657
1896
1575
1964
3688
1765
1631
2928
3873
9146
4374
1341
3295
2909
1458
4308
4290
1475
3418
4116
3361
1598
3799
3413
893
3203
4416
1330
3143
1074
1159
3408
3588
2927
1707
1267
4251
4124
3119
3236
3303
4395
2226
4051
2359
3586
3906
1620
4539
1220
1747
2370
2096
2057
2365
4464
1915
3272
3283
2124
599
4037
3937
903
4529
3215
1243
4163
3748
4175
1245
5199
5770
2789
6449
1311
1872
5085
2054
1974
4023
2183
3913
4820
733
1378
3970
4811
4602
1441
1655
5349
1446
746
739
4918
1508
1826
5282
1801
3836
3588
5432
874
1766
5449
1241
1558
5338
4716
1300
1533
5356
990
2278
7131
3945
3977
1981
1953
1098
5025
1517
4110
4394
2112
4177
5130
4798
1771
1452
5258
1037
4149
947
1866
5198
16877
935
1589
852
706
4637
4123
2293
5183
3684
4759
1521
5467
3835
845
1001
5025
4594
4830
1010
4222
5016
5146
763
970
5015
4132
5313
1728
5205
4083
4176
1193
5577
1991
2018
4773
5091
2039
4143
2154
1119
603
679
4709
1287
3979
5191
5011
1395
5058
18419
1793
4472
4610
3622
3847
3779
3521
4622
1394
4444
1550
2071
2203
744
4056
3705
4472
2087
4781
4493
4818
571
2082
654
4742
1424
766
5168
1783
769
4242
4558
2030
4116
4624
2172
4843
5057
3720
2037
1074
3883
2022
720
1866
4501
495
812
4606
3894
5344
17602
2011
1304
6130
1113
4848
4718
4422
1510
1820
4831
1439
1013
4279
4552
3743
5156
1501
5117
2191
4992
1595
5016
5392
3952
1904
5077
2303
1837
5073
5077
1201
1807
1154
5311
859
1955
4544
5287
2311
4650
747
5639
4727
4237
3487
3754
1932
1317
1708
1043
1295
1045
5104
4771
1385
4644
4729
2147
868
886
5268
2229
1107
4201
1159
939
1613
12440
810
5338
970
529
4654
1218
4486
1302
1676
3804
3916
4498
3973
825
495
1954
728
2013
4890
564
1752
4875
1322
2012
4996
1208
4277
5321
4212
4587
5244
1027
4750
5083
1232
1805
1408
5104
5177
4316
994
4333
19125
1748
4774
5301
2090
4585
1520
1687
1073
5089
1437
1404
1803
1561
4858
2133
4236
2013
912
5329
5568
5151
5744
5515
2434
2179
5234
1648
2164
4716
4866
1641
5529
4366
4719
5260
5190
4194
2327
2131
5139
5175
566
5177
4989
4617
6310
5304
4659
4354
4835
5290
1243
914
613
4854
5234
699
4288
609
1277
1464
1028
1361
874
1322
1751
4686
4655
5365
1847
4831
2135
5659
4951
1807
1078
835
730
1816
1812
1188
1061
4544
2148
9843
5326
1628
1473
5802
5686
1440
5647
6203
968
4811
5680
1597
4347
1112
3983
5621
2134
1830
5601
5328
1992
1034
687
1937
1308
2204
5442
523
1140
5917
5874
5953
5966
1867
5087
1974
1932
4747
1138
1312
5697
5421
4845
1483
2178
1022
4602
1650
5173
2241
5901
1440
5477
1936
644
4798
2183
5375
5621
1280
5418
5368
4749
929
1126
1911
5523
549
961
5638
976
5987
5510
6200
5347
4902
4611
869
1633
2169
2204
4752
5384
1685
1065
1542
2050
1567
1449
5404
987
877
5311
6093
954
5705
5936
2240
1497
6105
1161
1063
1829
5384
6192
5131
5338
5429
1715
8562
6618
992
2164
1546
1463
6259
1194
1110
1992
2174
5167
4829
5119
839
4806
4835
5312
1528
5449
5524
6192
1810
6282
5452
4964
1587
2119
1996
727
4965
5878
1513
1825
1185
5877
2271
5766
5400
527
1800
5431
4989
5887
1488
2007
5767
6197
1489
5945
5788
6398
2052
1117
5247
6265
6862
5906
2034
1599
737
1618
1831
5994
6351
5984
1232
5317
1015
5402
5879
5577
5393
1150
1976
2176
1018
870
915
5426
890
6040
6408
1348
2099
6626
6069
1690
6503
5356
1596
576
1829
19354
1088
1546
798
6064
1541
566
1484
6435
1633
6040
6477
5996
1983
5071
1071
1599
1636
6368
1050
5161
1369
1501
5806
6421
1662
1827
5334
980
6178
515
1750
1480
6648
6362
10364
1245
841
7330
1907
1169
655
6673
6354
5116
2084
5293
913
2196
5501
1634
6280
679
592
6233
1945
6899
2219
5630
505
1462
6761
5846
6420
1334
1137
6294
5536
5337
1320
2048
500
7473
1688
5466
6159
532
5961
6081
1374
6520
1248
5473
1480
5684
1629
5085
968
5537
5035
5418
1476
1394
4912
5639
694
710
481
1677
6577
5766
701
607
2014
6655
6827
5618
1898
935
6130
669
6694
6966
6273
1196
1458
5780
965
1629
1262
6707
1578
6784
2138
6328
564
6459
1235
6256
1038
6118
1399
5851
1495
1007
5848
5986
5781
1893
5984
1248
5598
5467
6090
5640
1844
1030
1934
993
5044
5235
1656
5605
737
673
5287
1072
739
1541
732
1515
5550
731
1662
1483
1696
4842
4676
4847
1690
4745
769
4769
4724
5787
5892
6736
5427
11476
6633
1437
1931
3.33925e+06