975
488
385
360
390
327
335
315
333
312
317
299
363
298
278
351
275
1558
489
1814
774
374
360
329
378
331
348
318
645
333
333
315
364
301
345
624
341
321
445
338
413
308
373
304
344
324
478
321
317
306
328
453
353
322
329
302
322
297
340
331
342
298
292
598
607
507
660
461
571
379
369
373
360
367
336
379
328
351
1538
795
399
308
409
329
369
296
324
390
332
339
422
422
449
495
1054
427
400
379
373
18971
655
866
477
417
398
323
328
289
346
333
331
294
329
317
342
297
368
309
331
304
314
349
311
352
303
372
302
356
307
338
321
344
299
298
332
318
334
285
346
309
357
292
351
302
368
292
315
353
315
357
332
332
299
347
290
365
292
339
301
369
296
302
352
310
339
306
407
324
293
374
293
370
327
5023
377
343
378
325
348
380
357
320
361
316
370
325
375
327
351
332
374
329
342
306
343
623
333
303
369
289
332
304
335
362
363
329
323
324
395
511
536
363
337
321
332
335
362
327
342
309
279
341
327
341
300
329
277
343
289
338
295
334
329
267
330
307
348
320
354
286
338
313
355
287
341
296
357
325
335
295
328
306
294
336
296
328
314
349
293
330
297
328
295
332
308
336
310
382
298
339
319
341
306
370
316
348
301
306
304
379
314
334
302
354
313
337
327
366
334
362
288
1568
474
422
374
482
338
365
345
331
369
365
368
352
366
776
353
361
360
349
363
363
365
370
358
356
379
379
398
359
342
344
360
366
340
400
384
368
387
355
437
542
372
376
352
385
365
367
345
432
365
361
368
347
341
373
378
431
353
378
352
347
353
356
369
364
355
364
362
339
363
361
390
372
368
347
360
337
354
360
386
348
357
347
5965
440
339
415
366
383
377
361
342
373
361
370
347
372
348
384
386
378
379
374
363
379
386
375
369
360
366
342
356
341
380
352
362
341
358
341
344
381
369
351
383
408
399
353
381
354
344
354
390
352
375
347
375
348
344
354
339
361
337
365
336
362
331
362
343
351
360
350
359
341
361
355
363
354
363
377
368
368
369
368
389
382
343
382
348
373
375
371
348
369
364
346
379
343
370
345
351
343
360
344
361
371
374
353
384
339
358
362
390
348
375
336
361
347
367
360
391
365
401
380
395
366
386
362
372
378
405
373
3352
404
395
374
380
398
402
382
405
379
402
382
389
379
385
400
388
398
380
379
376
382
370
357
377
385
375
371
382
387
383
371
386
379
363
358
369
361
369
359
348
372
374
367
384
348
368
395
386
359
392
367
366
453
421
420
394
405
392
374
387
390
396
403
394
364
395
385
386
386
371
407
379
410
420
418
374
366
370
375
351
394
372
371
392
374
364
399
368
387
366
384
361
370
378
379
372
1499
467
353
368
326
370
303
328
283
325
317
320
295
303
297
329
303
315
313
323
272
344
311
324
309
318
297
326
273
329
293
331
287
272
330
293
352
300
337
280
320
272
340
285
331
280
348
307
341
286
323
288
290
332
277
326
278
312
298
311
274
325
284
276
304
311
288
304
318
321
296
327
281
360
294
320
308
279
294
310
281
327
279
313
292
321
271
11712
325
306
327
350
270
334
292
346
299
322
293
335
301
320
284
330
285
319
282
320
294
313
290
330
289
318
294
336
307
313
305
285
339
316
343
308
343
280
321
288
321
299
283
347
293
340
288
318
305
307
285
375
322
324
335
330
270
302
314
281
331
304
324
285
307
307
345
311
321
310
302
311
317
292
318
310
302
358
322
309
292
335
290
319
310
345
291
349
296
337
294
329
299
292
327
306
313
332
328
340
285
287
314
311
343
284
316
309
331
312
316
293
315
304
317
315
337
265
342
326
290
331
315
342
304
361
306
3257
333
315
338
305
359
328
338
298
347
318
343
309
321
348
325
343
307
293
345
317
330
282
336
291
350
295
310
301
338
298
349
301
334
302
357
323
375
300
343
307
347
316
353
321
337
282
350
303
348
303
366
315
325
301
339
293
341
285
300
338
311
332
310
353
307
361
339
372
317
365
319
368
305
366
291
336
345
340
344
315
335
305
323
321
339
306
339
334
357
292
308
340
308
362
307
341
290
355
286
347
276
322
312
337
294
325
276
325
296
330
276
333
310
333
294
331
294
316
286
331
319
338
284
295
329
292
330
3020
304
311
299
298
385
331
311
311
350
300
324
331
329
308
345
286
342
289
347
281
354
289
348
278
315
298
313
330
335
293
330
331
340
275
329
291
349
343
363
296
325
304
315
287
359
294
335
312
338
324
315
294
307
290
327
313
338
304
401190