1071
805
435
424
433
356
350
432
367
425
380
395
356
432
414
364
389
390
403
354
398
371
422
391
381
361
352
398
368
365
336
426
373
400
379
383
545
736
426
361
450
383
2586
677
398
421
391
421
383
416
414
391
418
419
403
371
392
367
386
395
396
382
383
388
393
412
388
353
390
367
375
402
386
405
384
387
397
386
377
406
368
384
414
419
408
427
436
392
393
383
392
396
2206
432
335
382
365
324
369
412
495
308
331
367
328
347
330
432
342
371
345
367
373
413
380
424
378
413
398
426
434
406
423
469
357
549
2275
521
384
402
396
404
383
434
376
411
360
508
412
484
381
372
391
413
391
390
405
440
418
383
405
361
391
406
397
446
407
372
396
379
383
356
431
351
428
345
402
383
419
395
413
396
404
439
383
389
384
348
411
360
415
352
384
334
402
359
376
378
390
376
392
376
399
344
389
354
414
405
371
400
366
385
317
6939
413
313
365
315
335
420
408
367
424
381
492
382
373
402
365
404
358
398
393
388
396
399
376
409
372
728
372
435
392
411
1233
502
439
449
379
472
402
445
430
410
433
383
435
466
430
389
420
370
413
389
419
474
425
376
416
379
442
399
425
390
441
428
525
425
500
404
422
437
463
404
420
418
503
379
402
452
428
424
443
429
373
443
397
413
426
401
423
386
436
385
415
405
399
445
416
446
376
448
414
441
397
410
382
434
389
419
383
422
378
414
375
426
401
420
378
435
6323
462
449
426
395
464
434
432
438
452
396
421
382
459
378
423
398
372
412
410
423
424
416
392
406
413
432
390
426
331
359
321
341
294
335
333
338
329
334
360
350
316
336
352
366
304
332
310
330
331
344
337
353
344
344
366
439
389
405
367
420
386
411
392
419
377
402
385
419
380
421
406
421
388
421
382
448
412
410
407
426
389
425
376
419
449
435
381
424
385
446
408
457
385
421
390
414
372
418
378
440
403
449
406
419
425
414
381
447
404
415
394
425
424
439
366
411
438
417
397
411
379
411
371
416
429
438
379
3775
395
423
419
432
396
423
379
413
391
425
418
424
404
433
400
427
360
355
405
384
410
391
408
378
412
378
406
403
411
384
415
375
422
377
438
397
430
378
410
381
407
392
422
374
421
367
421
382
412
401
383
423
404
376
413
379
439
379
424
379
404
429
353
435
408
409
426
447
395
430
381
418
401
415
396
440
376
419
404
426
428
422
381
466
379
415
401
414
375
421
415
424
432
377
409
413
419
387
427
404
425
385
422
414
441
379
466
478
434
413
439
407
412
405
407
364
420
378
405
373
408
400
443
396
419
367
407
3088
463
414
455
399
426
422
443
409
437
416
422
400
422
432
441
364
422
375
440
377
422
405
421
434
435
407
405
393
417
405
412
394
416
380
438
369
419
402
437
429
422
375
422
397
426
411
430
351
374
325
352
307
324
339
314
333
314
338
320
334
311
345
294
353
313
356
313
349
307
363
320
356
343
360
335
333
322
347
312
332
321
339
337
338
338
293
358
293
347
312
328
348
338
361
287
334
289
314
315
336
309
337
324
355
303
320
331
330
326
359
340
339
357
379
307
344
294
338
313
316
292
330
317
324
312
318
328
3023
337
350
328
342
324
338
302
326
328
318
323
333
303
360
318
355
296
338
312
326
318
325
300
314
292
331
311
350
305
322
317
318
320
326
324
319
347
339
302
326
315
326
297
324
335
318
287
315
328
324
295
342
318
333
305
321
326
321
294
345
333
318
337
327
318
322
328
323
343
315
318
300
347
331
342
305
329
314
333
322
346
299
325
325
342
339
336
334
311
321
312
355
311
308
322
351
333
297
331
313
352
305
336
311
323
290
337
310
325
321
327
298
327
285
325
306
351
290
360
328
323
308
350
305
340
293
331
2676
359
307
421
409
459
381
437
359
409
400
423
366
383
384
381
348
380
363
382
396
386
420
345
381
359
399
353
382
341
382
357
400
377
378
328
388
358
386
349
406
353
376
390
408
348
387
321
386
394
397
368
385
365
412
366
337
371
325
397
324
379
374
349
392
396
380
372
387
364
365
351
367
356
407
367
398
353
389
345
396
369
389
351
364
350
406
358
381
337
376
362
364
346
390
369
390
372
388
339
383
379
359
369
366
338
380
367
398
337
360
327
344
344
344
317
344
321
352
336
371
312
332
310
322
353
342
331
2685
416
314
347
333
292
325
323
336
316
368
334
362
306
338
359
365
344
367
337
373
342
410
408
370
376
372
340
361
375
372
361
382
365
395
353
366
343
362
337
373
414692