553
475
375
227
306
244
308
216
316
243
315
230
292
224
236
314
214
291
227
14287
191
253
309
261
186
257
187
317
189
256
194
778
188
316
233
252
207
269
229
252
252
291
226
270
209
260
477
274
226
278
202
4557
477
284
217
273
212
268
224
265
216
269
225
270
215
232
284
327
513
386
238
289
228
284
205
203
302
218
274
226
250
225
223
214
257
216
266
213
212
270
241
213
251
225
277
208
219
289
232
300
203
283
199
260
222
259
208
255
214
251
209
266
202
258
230
280
223
274
204
292
207
276
224
303
228
258
252
222
318
195
267
218
240
285
226
277
201
269
223
307
203
273
247
230
305
228
282
222
284
233
297
235
276
218
284
233
364
269
208
235
226
316
235
205
352
227
289
226
377
335
344
229
302
210
322
305
231
222
521
223
288
235
279
229
296
225
274
219
289
224
3858
218
1115
395
316
227
278
226
265
225
222
269
226
275
206
249
264
270
231
227
215
286
225
278
209
282
227
266
212
271
227
287
226
228
302
223
266
196
263
237
227
262
220
301
214
287
237
201
314
223
274
211
280
237
225
265
225
268
255
260
231
236
272
221
259
220
282
206
265
217
261
210
281
243
271
240
268
232
232
303
234
264
195
269
218
199
275
216
279
235
282
241
300
239
285
226
273
224
198
268
226
281
198
271
240
223
293
209
314
232
271
867
348
232
227
176
223
188
220
175
232
187
231
173
225
187
224
177
226
195
234
188
202
225
186
219
178
193
217
190
219
185
264
188
219
182
233
191
182
221
190
224
177
222
184
234
178
222
188
225
205
217
219
263
218
258
218
254
225
276
215
258
219
254
223
245
223
258
236
257
219
256
217
193
277
190
253
195
247
198
194
283
192
251
201
271
216
250
197
249
229
247
218
246
207
263
217
247
221
255
200
249
193
248
192
251
192
253
220
215
257
197
247
195
252
195
248
197
251
192
244
199
250
197
252
217
268
206
277
209
260
202
268
199
253
222
250
220
258
216
260
257
255
197
255
207
248
195
224
264
209
263
233
220
254
201
286
216
250
216
251
194
247
201
255
213
247
195
273
218
269
223
264
235
268
250
270
237
274
228
254
229
258
204
257
208
259
218
264
204
263
228
208
327
211
271
206
255
202
224
280
202
261
207
286
202
258
211
259
232
224
262
230
204
305
229
264
223
264
228
259
231
269
223
268
229
267
212
262
227
271
210
267
212
259
215
258
209
263
226
236
286
211
289
228
269
201
267
203
212
267
221
264
220
276
226
236
263
228
272
211
205
265
225
229
268
224
207
270
208
289
228
256
228
276
227
264
203
267
212
295
232
224
270
230
272
229
277
226
265
249
263
225
292
226
277
226
279
225
263
215
258
218
281
217
262
225
260
245
192
197
220
175
237
186
218
197
250
186
223
186
241
187
234
186
229
194
225
178
224
174
227
191
225
179
223
226
190
243
177
181
228
180
237
176
188
237
185
241
177
228
186
227
188
229
186
251
194
192
219
187
224
205
206
220
176
229
176
241
181
228
176
231
168
225
197
176
182
229
206
228
176
253
188
182
223
211
194
249
175
232
170
230
177
233
176
229
190
232
173
224
177
234
178
241
172
234
199
176
176
227
188
224
186
235
189
232
183
240
196
237
189
223
167
189
227
189
218
191
183
223
190
235
188
221
189
228
189
249
188
224
172
196
225
189
227
193
214
185
242
172
231
181
235
165
176
227
171
225
179
216
211
252
219
257
208
261
191
219
260
232
272
213
282
223
218
272
205
261
230
196
240
212
256
203
259
217
233
259
200
263
218
254
208
265
215
280
216
257
217
196
226
221
219
252
213
256
206
267
208
281
216
286
227
295
222
255
214
226
301
210
287
216
261
218
227
279
210
233
285
206
278
200
287
208
340
205
231
316
233
298
249
283
235
232
317
243
276
202
209
238
268
212
263
233
279
232
272
253
224
286
205
268
221
227
272
233
294
232
282
241
234
283
230
238
216
293
223
278
228
224
206
285
210
277
235
267
245
282
226
270
227
271
218
298
260
213
295
222
219
222
313
215
309
239
227
296
208
288
221
285
221
287
212
289
254
265
227
272
225
271
220
269
224
230
227
240
237
233
236
266
231
268
208
276
237
500
422
270
179
877
300
234
222
185
180
226
186
228
175
226
212
231
167
230
198
255
214
256
214
265
231
274
226
277
220
302
212
267
232
273
219
270
219
210
316
266
280
218
263
214
211
265
204
256
242
262
252
266
207
211
271
203
215
381
1063
284
345
227
228
321
264391