1066
447
452
246
302
211
291
296
307
238
285
413
379
307
250
238
291
232
295
232
288
245
318
310
280
234
290
238
301
242
336
222
279
222
234
277
226
301
224
283
231
256
313
1206
524
303
255
324
252
477
935
438
503
268
318
230
308
240
280
223
312
233
328
230
294
217
299
227
303
240
314
231
299
224
440
354
233
303
228
302
1012
377
289
243
311
280
295
250
307
224
282
221
272
236
281
226
312
227
277
235
228
279
235
287
230
284
269
282
230
344
220
306
225
283
223
296
227
285
228
279
243
311
229
280
226
280
226
273
257
290
299
285
233
295
221
298
222
278
223
280
224
272
233
217
277
227
278
232
287
226
230
218
291
241
316
222
298
229
283
226
278
224
282
227
225
317
239
288
224
282
224
309
250
226
286
223
329
285
230
282
293
280
229
314
261
236
306
231
242
299
227
281
230
221
284
226
320
229
220
287
236
311
224
315
237
303
214
288
254
297
225
297
236
240
300
256
295
240
220
277
258
289
225
293
241
306
246
287
231
230
336
222
225
185
234
192
255
183
246
183
245
190
209
192
230
192
203
179
233
177
252
175
250
183
187
233
209
252
180
223
213
231
180
251
184
178
230
183
217
183
186
179
190
232
203
232
183
253
179
194
228
184
258
183
221
188
231
178
248
177
246
178
246
198
230
191
260
187
254
194
238
192
247
176
245
184
233
187
232
190
205
238
205
236
189
247
202
202
246
188
227
179
247
176
261
192
200
238
182
179
241
188
255
182
242
191
301
226
290
220
300
218
308
254
211
302
210
292
215
325
216
289
225
303
223
306
215
299
254
295
213
224
297
230
296
224
301
235
290
215
337
219
292
220
310
222
301
212
294
250
290
241
290
225
302
228
291
257
215
291
220
292
221
294
218
282
220
297
244
300
221
289
242
288
224
292
304
579
220
252
206
285
220
316
294
294
221
283
213
273
229
292
213
282
215
320
219
279
246
284
330
236
277
215
288
235
312
221
355
210
284
221
286
217
285
209
288
211
292
244
297
222
294
236
226
308
247
231
303
221
304
230
223
295
213
298
255
306
230
307
219
315
223
301
223
340
221
297
221
301
218
393
225
314
225
240
317
227
593
394
385
483
413
244
306
223
366
225
222
315
229
300
236
333
232
224
333
240
307
1367
835
426
504
279
241
328
251
310
233
292
247
288
254
1133
413
331
229
310
227
903
309
242
271
190
242
184
196
188
243
192
242
186
241
199
241
196
184
205
253
188
242
181
243
189
192
244
197
190
251
179
228
199
230
184
247
187
246
184
251
200
252
196
243
186
240
193
191
240
199
257
196
253
190
241
188
262
187
202
237
189
238
191
252
186
240
192
260
205
249
189
247
184
254
198
247
192
241
184
242
179
261
192
187
201
244
186
255
189
246
192
247
193
230
192
245
192
229
179
243
184
195
245
191
245
188
245
190
244
183
271
180
248
181
265
190
253
182
243
186
253
187
291
193
253
193
244
176
256
187
247
193
252
182
244
183
241
226
197
206
251
174
250
182
253
190
243
183
240
183
242
187
245
184
196
240
194
247
188
247
193
184
255
183
246
187
231
184
245
184
210
251
216
245
186
247
175
244
186
250
188
241
183
243
194
245
177
228
201
182
242
187
252
201
202
200
251
193
201
245
197
244
186
250
186
246
189
247
185
248
193
253
185
243
185
250
181
242
177
236
186
241
198
184
248
189
238
189
279
188
263
186
196
254
200
252
193
226
204
244
180
250
190
246
188
243
200
234
210
236
179
249
194
234
184
252
181
246
186
236
191
250
185
283
215
241
237
251
217
261
185
271
219
283
210
282
223
280
208
288
234
308
212
290
228
223
272
215
246
282
223
292
218
310
234
4358
243
332
228
298
215
274
227
294
216
217
298
229
292
215
289
220
228
324
217
316
215
211
220
288
213
286
213
247
286
225
292
224
288
235
295
217
307
221
313
214
330
216
291
228
216
290
230
287
219
281
224
299
217
188
239
189
247
184
244
180
244
177
277
182
246
181
184
272
184
246
186
244
185
256
179
258
192
243
184
228
180
236
224
254
188
256
187
252
187
244
186
255
189
247
183
253
215
251
189
197
243
200
247
184
243
178
178
241
195
255
187
245
183
264
189
268
205
249
184
248
215
219
254
290
222
280
204
274
207
280
219
289
219
211
279
228
223
253
208
314
206
285
211
284
225
309
208
226
226
275
212
207
296
223
283
207
294
207
283
207
370
231
276
210
284
225
268
480
229
257
211
305
275
304
234
352
255515