8291
951
1528
856
1330
1113
537
434
822
1874
800
445
564
480
566
445
1594
579
1926
1127
1014
20366
994
941
993
752
823
737
924
784
914
699
901
595
569
654
638
498
499
449
499
512
435
551
540
463
622
683
447
490
520
531
607
538
608
408
493
489
470
512
506
513
631
537
633
517
499
663
603
571
506
438
518
549
537
747
483
598
534
496
530
541
2729
942
613
791
665
971
793
1021
1022
707
881
630
559
676
552
691
635
604
670
712
558
595
605
651
585
658
707
661
697
584
528
564
656
562
687
540
737
513
753
666
529
627
525
608
654
561
598
576
540
560
596
665
541
628
588
596
542
542
598
585
542
581
631
575
642
601
603
614
654
645
654
594
667
665
656
739
637
607
939
549
600
633
745
582
602
591
540
676
623
604
684
665
655
584
676
780
601
591
610
729
686
663
721
697
505
679
747
863
632
641
637
734
762
548
585
734
637
554
557
692
633
534
8341
643
628
679
686
670
598
609
566
592
714
548
662
602
593
616
569
600
590
546
562
618
716
528
614
541
559
644
531
582
602
618
703
476
522
540
508
507
499
500
478
514
448
487
438
505
488
479
523
456
456
462
457
495
525
506
507
490
488
471
434
524
500
460
504
532
482
445
508
501
537
539
453
404
459
507
553
522
522
492
514
500
470
507
484
468
526
460
514
442
545
520
475
471
426
459
450
548
455
563
473
499
469
503
593
494
518
491
462
481
458
472
469
495
425
452
464
501
472
473
441
431
473
492
497
456
452
434
3115
546
523
485
584
483
501
524
448
552
533
605
523
470
508
476
534
480
534
500
574
480
488
584
465
512
500
464
553
469
497
551
580
733
570
567
562
544
569
622
651
672
594
600
689
584
637
536
575
564
607
646
578
620
565
599
619
552
572
559
621
548
582
600
620
593
699
645
572
660
676
599
611
14243
592
605
573
592
534
616
560
628
554
649
563
716
619
641
659
542
590
543
568
628
581
605
581
643
667
586
653
592
702
570
744
580
605
578
775
583
614
539
578
602
700
588
658
534
609
663
640
611
714
653
673
617
712
557
4153
745
633
635
607
605
609
633
632
611
620
569
536
664
584
572
629
637
650
606
600
564
600
576
605
583
618
561
670
561
607
645
749
686
670
668
639
568
689
571
551
632
603
577
540
554
616
638
588
682
597
655
566
645
608
759
592
639
590
647
704
629
668
606
580
635
601
644
622
580
561
642
589
538
537
661
507
426
457
539
617
485
693
619
645
605
635
609
669
637
659
564
647
593
643
731
627
628
626
642
626
619
661
583
654
618
604
676
716
661
689
582
623
664
703
612
648
666
599
682
573
618
637
696
631
624
615
588
4897
679
625
573
629
559
621
622
647
616
672
692
716
584
598
579
664
712
534
581
715
623
609
580
708
579
645
636
666
609
549
712
619
704
712
801
602
572
623
570
590
580
562
586
513
725
599
727
597
642
575
544
564
557
623
637
592
669
612
678
638
617
617
707
572
592
632
554
592
605
600
664
556
772
570
568
569
628
569
604
572
590
664
619
598
964
604
657
538
622
721
633
616
629
620
673
642
560
827
657
837
641
627
574
566
646
641
619
519
593
556
848
607
556
758
608
588
637
746
574
583
583
550
559
560
706
587
603
4541
769
595
558
966
553
653
622
641
584
570
596
683
634
710
530
676
719
635
593
601
655
778
671
599
636
745
732
676
637
642
630
842
601
608
711
580
595
603
612
593
784
650
586
642
690
703
637
688
617
712
593
672
605
623
620
562
607
633
628
577
578
564
534
579
643
652
737
631
677
631
675
683
752
671
585
552
584
608
689
713
749
16088
1000
779
520
551
542
580
666
547
546
669
631
534
606
630
636
645
744
530
581
653
1034
605
831
636
671
721
598
603
636
532
631
821
673
698
810
948
757
685
694
607
577
644
648
684
662
722
682
1179
682
659
587
765
677
569
848
653
675
571
614
563
632
712
781
676
624
686
656
619
670
614
663
644
676
715
625
668
720
595
652
600
689
604
579
622
612
693
795
628
577
617
630
559
633
565
758
635
721
630
666
648
606
645
633
636
669
635
629
651
753
623
621
832
736
582
671
533
682
556
714
1145
646
1907
773
947
845
1065
700
617
532
793
531
639
649
690
661
528
653
628
576
523
569
452
559
536
653
563
532
483
629
499
600
540
559
602
472
681
602
470
518
598
660
473
544
568
606
514
498
450
481
513
582
607
534
584
446
637
543
695
724
557
605
637
674
611
676
646
599
574
865
657
595
622
615
570
593
717
738
674
612
710
745
758
702204