8087
6954
4019
3706
3479
3489
3492
3609
3540
3511
3519
3568
3476
3424
3458
3468
3456
4109
3629
3464
3476
3440
3494
3478
3585
3433
3553
3395
3792
3387
3488
11692
6346
4215
3618
3561
3580
3572
3567
3741
3449
20328
5682
4518
3224
4410
3131
2976
2979
2976
2904
2975
2961
3006
2967
3031
2958
2958
2978
3038
2906
3620
3495
3489
3430
3492
3437
3539
3482
3503
3580
3493
3420
3539
5827
3966
3380
3441
3494
3487
3502
3542
3582
3555
3518
3479
3553
3488
3527
3487
3470
4701
3867
11675
6680
5936
5882
5229
5574
4904
5166
7089
5031
5726
5392
5229
3930
3608
5081
5188
5329
5301
5240
5262
5181
5302
5652
6179
5532
9321
23352
6260
6683
5830
21690
5428
4032
3767
3649
3560
3626
3614
3577
3538
3633
3609
3536
3558
3557
3587
3599
3601
3536
3589
3603
3615
3562
3570
3554
3597
3622
3631
3626
3591
3614
3588
3612
3530
3598
3619
3646
3636
3618
3689
3545
3569
3560
3564
3541
3534
3551
3596
3549
3515
3593
3536
3647
3602
3638
3593
3621
3674
3640
3543
3714
3646
3842
3611
3539
3596
3550
3586
3584
3575
4307
3561
3613
3559
849655