10043
15866
6696
4552
24000
30812
4409
5640
4988
5161
4882
4553
4143
5242
4877
4658
4814
4711
5037
4902
4431
4658
4336
4915
4271
4717
4395
4131
4659
4529
4216
4786
4681
4511
4803
4517
4388
4560
4400
4414
4382
4096
4073
4471
4448
4571
4544
4608
4190
4234
4136
4350
4278
4352
4271
4025
4172
4243
5031
4222
4362
4125
3908
4012
3257
4193
4156
4018
3912
3968
3845
3770
3796
3751
3827
3309
3884
4024
3719
3844
3580
3770
3760
3858
3598
3448
3595
3588
4761
5753
5307
8134
4748
3430
3365
3274
3392
3280
3279
3229
7802
503632