11436
35480
27277
40486
30369
57478
38522
32215
29279
26892
27436
40163
24813
23964
32870
59517
50488
25291
22518
22141
22752
22460
18921
21307
18313
23834
24407
20457
20621
20344
19887
21672
20171
19644
47427
28936
22053
25966
23942
23009
14111
22343
22106
22837
21324
21871
21685
21399
20975
22049
20546
18983
21886
21012
19363
20631
20460
21120
21238
21512
21469
21262
20968
21454
20722
21041
21014
20795
21976
21329
22470
22070
21452
13466
23038
23046
21377
22063
21778
20787
21224
20291
24675
22733
34981
17533
37363
31261
18377
32584
21627
21380
22003
21408
21972
21675
22455
22629
23401
22595
23490
23809
23787
23524
23935
23787
23513
23330
23332
22968
23107
23329
23349
22848
23242
22901
22282
23048
23066
22881
22810
22541
22471
22183
22144
21190
22325
22382
22270
21997
22420
22444
21805
22023
21220
22204
21733
22252
22165
21970
20691
21841
22084
21786
21884
21887
21939
21660
22065
21196
21569
21644
21564
16055
20530
21516
21071
21164
21444
19813
20066
19720
20350
20625
21095
20852
32956
16205
17406
16192
32876
19845
17086
20047
21393
19943
19491
20433
20333
20832
21049
19148
19604
20748
17934
22346
21061
19546
21214
19749
20198
19394
23490
21524
19538
20947
19521
19712
19057
20105
19509
19549
18982
18849
20391
19300
20291
19425
20355
19416
19005
20076
19179
20029
19252
19741
19177
19001
19859
29858
34353
25035
28426
29382
29846
23048
20093
19019
19746
18451
19311
18472
19296
18423
18361
19179
18384
18403
20555
19303
19489
18157
19037
18936
19021
17955
19183
18170
19082
18308
54782
51165
29301
15046
29459
18474
18364
18160
17115
17040
16902
17267
17659
16984
17874
18154
18161
18070
18109
18180
17764
16875
17618
16474
16648
17952
16779
17283
16621
16500
16581
18824
18047
18721
34399
39073
23586
30087
27986
37210
28276
21591
21243
19073
18038
17817
18513
18600
17439
18278
17085
16764
16878
17803
17460
18205
17776
17754
18450
16892
16794
16594
17701
16465
16288
18246
16368
18039
15134
16843
16649
18185
16242
16924
16099
16535
16053
15974
16031
31666
21619
16865
17080
17926
25401
82617
23532
35156
19164
18592
16848
17415
16097
15696
16376
16289
16913
17240
16975
16785
16279
16984
16779
16465
16600
16304
16672
14599
16595
10148
16343
16585
15841
16432
15674
15516
16475
16313
15987
17214
16978
18247
17205
15920
16412
16033
15416
15717
15937
17048
15555
16396
15361
15614
16248
15652
15585
16141
15455
15315
16865
15706
15567
15395
15035
15737
15953
15529
16683
15291
15254
16320
15665
15411
16790
15633
15131
16051
14853
16155
15065
14916
15755
14864
15347
14762
14719
14897
14496
14612
15209
14706
15201
13994
14981
13832
14942
13975
13801
14325
17296
27000
13853
13046
13308
29581
14141
15375
14375
14055
14900
13630
13741
13696
14723
13777
13621
14888
13795
14872
13725
15065
14132
13509
14295
14882
13803
14672
13571
14336
13529
13921
13853
13237
13712
14827
15581
13442
13720
13063
13155
13743
13408
14575
13368
13053
14302
14644
14002
13400
22325
14223
15521
20537
14249
13121
12848
12743
12811
12785
13607
12737
12818
12941
12562
12777
12942
12865
13996
14618
26593
23516
16612
14720
13565
14747
12879
13373
12900
13751
12680
13784
12606
12335
12578
12074
13185
7845
10831
12314
12702
12524
12355
12126
12476
11921
12541
12577
13057
12118
12469
12614
11908
12139
13458
12439
12974
13514
12931
10782
10608
10723
12785
10785
27132
26193
12106
11973
11976
13444
11967
12181
11986
11619
12064
13432
11729
11195
11199
11158
11049
11256
12336
11307
8834
11287
11005
10789
11280
11093
11207
11356
12242
11088
10674
10877
11032
11477
10873
10750
11121
10856
10340
10478
10516
9755
10833
10818
10982
25210
11177
11073
10980
10210
11269
11715
11383
11176
11117
11317
11594
11202
11067
10941
11014
10901
10644
10441
10844
10573
10719
10483
10460
10945
10674
10484
10651
10537
10759
11184
8383
10841
10653
10104
10560
10486
10367
10170
10370
10096
10471
10222
10122
10230
10209
11044
10237
10416
10574
10236
10304
9793
9973
10227
10271
9432
10357
10054
9914
10123
22111
8455
8411
8251
8523
8075
8394
8194
8328
9204
7406
31398
9942
10100
10042
9771
9651
10802
23046
22276
8462
8912
8195
26162
9539
9393
10143
9348
9558
9416
9550
9481
9451
9549
9966
9563
9361
9076
9108
9656
11611
9095
9105
9084
9200
9300
10514
9154
8933
10088
8912
8733
9259
8691
8766
9588
8746
9207
10209
8966
8683
8832
8617
9607
8683
8583
8607
8377
9862
8417
8619
8322
8663
8687
8450
8227
8181
8339
7946
9650
8504
8159
6872
8367
8194
8596
8311
8423
8253
8434
8482
7800
8199
8041
8010
9324
8101
8164
7812
7824
7885
7820
8111
8984
7712
8221
7719
7892
8310
8182
8941
7734
8027
8133
8495
7921
7789
7751
8740
7432
7324
7589
8523
7493
8453
7468
8569
7356
8654
7509
8548
7516
8263
7235
7543
7514
7784
7196
8219
7416
8448
7118
7998
7308
8290
7082
7189
7213
7037
7327
7170
7027
7003
6842
7044
7347
7113
6664
7037
7154
6851
6990
6817
6840
7011
7027
6875
6242
7043
6892
6997
6963
6587
6608
6625
6603
6714
6495
6622
6573
6724
6431
6564
7735
6337
7111
6517
7855
6352
6552
6508
6579
6274
24481
5867
18807
5382
5207
5234
5487
5257
5117
5176
5105
5608
5219
5350
6090
6154
6275
6007
6987
6185
6306
6254
6480
6131
6117
6310
3303
6418
6170
7271
5830
5844
5798
5939
5967
5928
5847
5889
6256
5730
5848
5788
5638
5508
5588
5909
5525
4978
5463
5659
5552
5288
7063
5612
5397
5287
6307
4557
5543
5621
6156
5374
5412
5385
5321
5178
5584
4298
5378
5084
5008
4915
5116
5229
4881
5251
4742
5075
4840
5278
5162
4824
4805
4955
4738
5549
4888
4960
4743
4841
4827
4940
5047
4155
4592
4822
4849
4425
4730
4541
4634
4716
4555
4728
4857
4612
4542
4509
4047
4520
4283
3920
4359
4331
4333
4331
3989
3701
4292
3922
4154
4071
4324
3989
4028
4138
4033
4135
4281
4080
3955
3874
3752
3996
3545
3920
3508
3880
3732
3490
3659
3561
3873
3732
3598
3968
3383
3537
3443
3350
3382
3410
3543
3745
3164
3255
3090
26697
1.42055e+07