20967
20561
14526
13284
12158
25786
21504
15797
13317
29011
37440
13311
28942
22274
16508
13693
12442
12215
11542
11577
24658
9641
9577
9375
10369
11591
24481
11457
11271
11061
11270
11243
11292
11266
11332
11179
11122
11165
11246
11193
11315
11158
11208
11361
11341
12123
11247
11197
11338
11682
11411
11699
15312
17583
14221
27389
23364
16099
13397
13433
11947
12205
11826
11472
11395
11311
11238
11307
11237
11182
11323
11192
11368
11297
11360
11354
11390
11468
11468
11400
11489
11411
11814
11531
11426
11396
11395
12500
11515
11618
11321
11359
11455
11344
11280
11317
11339
11368
11404
11462
11425
11311
11350
11423
11384
11620
11916
11515
12489
11555
11875
11475
11331
11329
11357
11803
11530
11324
11334
11422
12924
11376
11352
11408
11450
11495
11400
11433
11410
11464
11450
11474
11382
11508
11486
11483
11508
11326
12580
11526
11469
11462
11447
30225
43887
17241
13086
24581
11633
11167
11219
11097
11055
10933
10886
10914
10989
11020
11041
10976
11068
12223
11195
11816
11057
11707
11030
11355
11124
10942
10809
10832
10830
10955
10893
10925
10985
10882
11016
10952
11006
10924
10954
11016
11024
11121
11003
10953
10960
11037
10921
12068
11053
12012
11259
11550
11098
25459
11018
11178
10975
11032
10976
10956
11130
11091
10959
11641
11019
12160
11071
11428
11170
11046
10899
10975
10874
10903
10921
11020
11044
10903
10954
10953
11407
11250
11034
10915
10977
10971
11042
10957
10933
10942
10959
11007
10917
10974
10921
10915
10965
10957
10889
10853
10987
10932
10997
11113
10927
10924
12160
11183
25007
11193
11019
11023
11136
10939
11118
11113
10967
11139
10872
10963
10936
10886
10949
11068
10876
11203
11009
11024
24560
9857
9695
9854
10860
11209
11222
11063
11027
11017
11000
10914
10979
10983
11044
11003
10992
10993
10913
10977
10859
10959
10958
10977
11002
11084
10998
10959
11904
11363
11088
10948
11297
10992
11408
11127
11071
11017
10977
11028
10912
10928
11097
11280
11082
11252
11624
11314
10956
11147
11020
11102
11221
10990
11244
11102
10966
10953
11658
11067
10986
11445
11166
11069
10932
10968
10996
10885
10999
10986
11001
11017
10979
11017
10898
11016
10997
10929
11012
10908
10942
10995
11034
11004
10929
10871
11935
11109
11515
11193
11023
10909
11015
10967
11059
10953
10933
11015
10872
10971
10999
10994
11052
10997
10905
10994
10913
10969
10929
11016
10871
10980
10950
11010
11857
11081
11392
11203
10974
11155
11066
10861
11026
10877
10984
11179
11607
11002
11144
11020
10985
10935
11197
11195
10975
24292
10164
10216
9770
10452
10978
10926
11045
10912
10873
10890
10976
10912
10899
11036
15039
11098
10980
11018
10997
10899
11053
10935
11083
10859
10879
10899
10920
11092
10939
10853
10962
10959
10972
11047
10900
16479
15505
12019
17175
16878
19008
16545
16723
16126
15696
16318
11112
10815
11000
11134
10794
10762
10911
11136
10888
10935
10744
10736
10829
10795
10891
11409
10864
12420
11615
10883
11368
11079
10949
10881
10856
10783
11621
11159
10958
10852
10962
10952
10818
10820
10902
10897
10833
10856
11079
10864
10863
10825
10881
11032
12294
11090
11106
10789
10853
10920
11144
10937
11069
11176
10894
10871
10999
10834
10972
10879
10996
11322
10962
10855
10851
10761
10896
11034
10897
10904
10922
12602
10979
11748
11141
11038
10855
11171
10891
11037
68293
16200
12776
10874
9954
9777
9780
9753
9429
9487
9508
9479
9502
9530
9519
10525
10569
10479
10432
11846
10919
11062
10703
10640
10419
10632
10550
10462
10598
10485
10490
10396
10525
10462
10753
10558
10587
10426
10566
10530
10486
10390
10412
10516
10421
11131
10718
10895
10537
11603
11069
10451
15603
18191
31439
14452
11145
10844
10755
10786
10860
10856
10914
10814
10940
10819
10788
10922
14631
12993
11331
11108
11444
10834
12189
10978
11200
11335
11016
11047
10796
10858
10918
11501
10946
10819
10846
10885
10815
10914
10817
10896
10803
10814
10879
10903
10976
10870
10792
10870
10970
11217
10861
12646
11101
11946
11022
10750
10901
10846
10828
10912
10951
11051
11156
11085
10949
11236
11629
11433
12203
11035
10973
11351
10995
13125
11110
11057
12791
24876
10169
10102
10199
10167
9896
11074
11621
13682
12315
13033
11640
11136
11432
11410
11903
12066
11223
10829
10797
11046
11009
11206
12801
11122
11060
10784
10825
10901
11406
11782
12331
11098
11409
12527
10985
10727
11752
10876
12201
11049
16588
18673
10875
10813
10757
11123
10829
15960
16522
12312
10884
10800
13510
15476
16001
15844
16299
15779
14651
12101
16688
11143
10768
12085
12379
10977
11640
10905
10786
10851
10811
10788
12017
10909
10974
10813
10839
11948
10949
10878
12116
11053
10981
10734
10805
10880
11101
11676
10915
10907
10989
10729
12071
11046
10804
12438
11212
29843
23907
10816
10845
10828
11257
11907
10824
12093
14438
11490
10736
10755
11777
11126
10866
12166
11049
11131
10777
11043
11164
10768
11765
10998
10779
10774
10822
10907
10839
11884
11066
12283
11165
10916
11461
11318
10824
10761
10785
11717
10961
10812
11165
11325
11378
11906
10146
11739
10371
9778
9700
24813
10769
10707
10941
11214
10822
10825
11042
11190
11045
10853
12219
11926
12032
11053
12393
11601
10941
11509
10815
10931
10713
12370
10906
12630
10842
10788
11766
10821
12063
11046
10756
11804
10925
10947
10731
10762
10784
12357
10837
12520
10892
11339
10905
10708
12491
10779
11832
10867
10808
12417
10835
10738
11479
10798
11782
10850
10646
11648
11351
11323
11036
17360
11159
10882
11647
10908
11333
10826
10852
11398
10916
11811
10975
10732
11447
10950
11762
10893
10785
11644
10857
11992
10881
10824
11328
10753
10703
11371
10889
11780
10918
10779
11611
10777
11822
10917
10725
11570
10878
11821
10969
10818
11344
10809
11948
10912
10786
11438
10853
11808
10847
10797
11006
10791
11081
10785
11419
10894
10798
11436
10835
11762
10920
10867
10947
10851
10770
11516
10797
11720
10965
10762
11890
10866
11370
10910
10815
11238
10851
11677
10882
10727
11530
10824
12112
11010
10892
11209
10803
10923
24312
9905
9570
9640
9947
9508
9408
9380
9418
9374
10215
23688
10658
10376
10450
10356
11315
10589
11079
10473
10326
11067
10462
11551
10552
10315
11035
10511
10917
10362
10316
10391
10521
10490
10318
10900
10426
11382
10424
10694
11468
10511
10333
10436
10346
10413
11158
10459
10967
10473
10480
11112
10463
10948
10458
10273
11048
10402
11663
10539
10284
11084
10456
10406
10484
10355
10308
25366
10913
11814
10907
10900
11453
10928
10696
10838
10778
11837
10891
10844
10882
10854
10789
11259
10918
11784
10824
10950
11317
10949
11909
11092
10713
11333
10850
12120
11125
10762
11365
10975
11287
10981
10865
11820
11432
38543
33922
11644
11339
11212
10625
11896
10937
12121
10779
11651
10855
10745
10600
10743
10636
11281
10752
11722
10812
10648
11308
10799
11596
10825
10652
10751
10709
10761
10598
11550
10804
11141
10802
10687
11364
10848
11761
10843
10739
11628
10893
10618
11625
10766
11234
10714
10632
11531
10739
11132
76001
31384
14562
12059
11457
12300
15044
11208
12233
10992
12584
11164
10725
11697
10801
11378
10913
10639
12310
10796
11742
10833
10770
11744
10810
12030
10901
10713
11334
10776
11776
10868
10669
11711
10798
10814
10730
10823
10752
11307
10839
10764
10743
10736
10703
11639
10806
11244
10801
10756
11398
10845
12642
10831
11331
10842
10659
11339
10832
11671
10913
10724
11794
10839
10845
10754
10844
10764
11332
10748
11751
10915
10746
11283
10824
10634
12449
10864
11790
11025
10618
11656
10931
10699
11319
14735
10757
11821
10771
11501
11238
10766
12113
10956
10694
10716
10700
10688
11870
10830
11491
10821
11271
10771
10674
11389
10909
11647
11040
10728
10760
10663
10732
10708
12364
10742
11680
10966
10669
11347
10795
11697
10786
11249
10697
10740
11341
10834
11598
10879
10733
12179
10822
11717
10884
10742
11660
10787
10888
10755
10786
10702
11865
10918
10728
11580
10812
10890
10727
10691
10694
13178
11204
9455
9551
9360
14367
11242
10854
32437
35536
16325
11933
10449
9754
34929
10960
11385
11301
10783
11865
11043
10647
11872
10902
11865
11031
10758
10743
10850
10776
10789
11522
10871
12009
10935
10865
11859
10916
12005
11083
10822
11721
10980
11765
11013
10908
11792
10958
12004
11016
10787
11422
10890
11876
10984
10794
11768
11003
10859
10868
10851
10823
11831
10970
11013
10833
10924
10813
11793
23480
11421
10897
10798
11315
10909
11863
10989
10865
11832
10915
11766
10916
10861
11796
10933
11521
10956
10761
11302
10911
10844
10818
10865
10822
11307
10981
11856
10882
10822
10913
10981
12369
11146
10800
10753
10797
10752
11403
10930
10811
11823
10944
11371
10942
10762
11401
10875
11832
11044
10843
11836
11016
11468
10916
10793
10830
10899
10892
10783
11529
10878
11929
10947
10836
11773
10943
12021
11032
10885
11399
11026
11836
11095
10807
11874
11023
10910
11666
10995
11902
11081
24404
10402
9866
10057
9651
9473
10438
9916
24723
11471
10666
10441
11464
10601
11145
10565
10415
10970
10536
11371
10649
10471
11481
10568
10642
10463
10568
10423
10991
10514
11436
10602
10544
10489
10510
10483
11443
10662
10547
11307
10637
11045
10595
10448
11166
10707
10493
10860
10587
11715
10859
10542
11451
10863
11189
11692
10859
10513
10565
10682
10796
11720
10827
10724
11889
12060
11734
30061
11779
13549
12116
17757
11922
11267
10944
10872
10798
11773
10832
10858
11824
10997
10846
11730
11030
10818
11859
10919
10834
11795
10895
10798
11838
10986
16918
14571
11104
11028
11020
10904
10741
11043
10846
27642
15925
13115
11966
11449
13007
14502
11812
11295
11223
10836
10890
10772
11993
10871
10805
11911
10926
11520
10929
10853
12745
10936
10794
11877
10863
12189
11017
10787
11394
10960
10855
10884
10847
10868
11971
11077
11969
10894
10853
11427
10915
11889
11040
10899
90626
15713
12221
12262
30236
12384
11477
11286
12507
11087
11479
10826
10844
12433
11029
11378
10922
10790
10781
10815
11243
10728
10630
10744
10717
10635
11448
10980
10713
10779
10699
12260
10850
11626
12095
10939
10774
11828
10929
10757
12397
10848
10684
12601
10888
10730
12002
10849
10828
10675
10820
10744
12136
10921
10717
12227
10819
10759
12334
10985
10710
12216
10854
10662
12302
10896
10688
11953
10829
10713
12254
10934
11183
11849
10870
10642
11847
10870
10769
11821
10898
10626
10933
10673
11014
10799
11764
10918
10659
12560
11068
10730
11685
11031
10726
11789
10889
10899
12206
10919
10641
11717
10876
10753
12543
10922
10779
11869
10812
10757
10806
10759
10674
12476
10853
10712
12417
10814
10692
11722
10884
10745
11726
10917
10713
12013
10923
10810
11769
10943
10760
12596
10872
10768
12568
11031
11324
12400
10831
10734
11743
10930
10714
10690
10751
10780
10853
11769
10867
10914
11723
10935
10692
18516
13825
30894
11492
12944
11319
12223
11111
10615
11326
10647
11609
10794
10597
11113
10579
10746
10610
10595
10554
10460
10554
10504
11165
10556
10482
11472
10626
10445
11107
10884
10518
11484
10806
10566
10572
10643
10499
11337
10700
11876
10747
10657
11899
10636
10539
10550
10548
10610
11453
10651
10696
10612
10561
11654
10770
10670
11207
10726
10475
11608
10749
10699
11615
10848
11342
10676
11676
10721
10444
11372
10621
11177
10567
10516
11341
10626
11206
10719
10478
11318
10688
11149
10543
10520
11608
10638
10515
10548
10485
11591
10615
10579
10749
10672
14962
10521
10565
10571
10607
11630
10654
10704
10662
10598
10623
11433
10796
14637
10989
10514
11466
10768
11239
10761
10520
11341
10705
10653
10642
10494
12985
10686
11231
10686
11251
10653
10450
11623
10670
11392
10704
10750
11715
32193
9186
9189
9195
9187
10043
9321
35592
11469
10722
10525
12218
10477
11525
10764
11240
10723
10631
10733
10538
10599
10678
27047
10969
9325
9372
9193
9226
9211
9172
9239
9150
10198
28299
10101
11240
11981
11607
10316
10202
10248
10276
10172
10838
10219
10757
10341
10317
11218
12495
12365
10340
10373
10272
10311
10238
10212
11168
10360
10251
11243
10336
40817
27398
10202
10204
10275
22000
15834
12286
17003
10955
10782
10596
10633
10423
11586
11781
11749
11052
10328
11404
10545
33506
10729
11421
54835
10974
12278
14206
10940
15318
11527
11220
12946
10961
11338
10861
10629
11244
10782
14670
15720
12602
49096
24021
15578
12843
19394
11367
11130
37394
32604
14735
12359
12162
16233
11300
11369
11214
11393
12377
11229
11174
11098
11121
11774
11206
14824
11058
10962
12278
11351
12214
11178
11377
12340
11228
11944
11498
11286
2.3609e+07