29609
72964
26945
45061
23141
19079
42639
22011
18338
16612
16010
16221
15793
15773
15513
15461
51264
18182
18464
14900
15198
14753
14761
14899
14905
15489
18335
15724
16228
15636
17098
54291
22525
18523
19917
17063
19283
29037
19965
20176
20726
42420
28810
24213
22704
24967
24452
24801
82339
29123
27237
25518
24676
24369
16298
15438
15312
15570
15892
15692
14988
15996
16787
16523
17423
43107
18166
19470
18621
17966
19184
18093
19908
17703
17645
17882
17407
40524
18987
17763
17680
18378
17998
34912
18522
17704
23238
26463
33000
27054
23884
29425
27774
29004
22277
21417
22573
22963
21249
20097
20639
2.32874e+06