7307
5803
3794
3697
3887
3742
3541
3641
3704
3769
3601
3585
3816
3725
3603
3544
3765
3669
3601
3670
3890
3693
3557
3586
3702
3726
3639
3754
3914
3814
3700
3594
3872
3743
3730
3582
3909
3763
3735
3845
3835
3818
3751
3758
3962
3905
3981
3754
4001
5982
8121
5679
5315
5881
5789
3880
3855
4095
3879
3878
4189
4054
4069
3962
4333
32508
5767
4494
25421
28420
24439
5865
5625
4427
3906
3808
3897
3957
4047
3885
3955
3867
3995
4115
3872
4015
4134
4063
4154
4070
6361
17830
4260
4253
4301
4068
4163
4352
4645
6149
4438
4246
4186
4058
4228
4139
4241
4115
4339
4396
4298
4239
4216
4475
4286
4937
4207
4473
4338
5301
4356
4390
4261
4649
14351
10212
5124
4832
4447
4520
4634
4382
4591
4486
4252
6606
6460
12952
6522
71546
21224
5973
4757
4583
4862
4717
4440
4563
4448
4558
5898
4866
4655
4589
4528
4480
4717
4714
4505
4656
4609
4761
4537
4645
4577
4603
4581
4493
4739
5655
4945
4719
4560
4773
4509
4816
5684
5230
4789
4436
4651
4654
4644
5214
4892
4793
4676
4724
4783
4773
4749
4753
4854
5028
4814
4896
4765
4635
4885
5009
5602
4833
5711
4926
19024
4358
4296
3863
33284
8269
4492
4324
18183
5070
4807
4792
4938
4972
5133
4932
4893
4839
4694
5113
4729
5000
5016
6006
7307
5040
4829
4788
4843
4908
4845
4905
5031
5119
4986
4838
4711
5059
5615
6014
5377
5723
4984
6750
5860
7060
5682
13636
12642
16875
7841
5552
5291
5519
5633
4869
5166
5032
5188
5086
4767
4841
5485
5305
5530
5002
5956
5351
5219
5206
5559
5576
5841
4967
5505
5270
5581
5511
5548
5309
5297
5393
5079
5507
6996
6292
5196
5182
5489
5924
5320
5685
5788
5651
5296
5159
5262
5836
5315
6424
5942
5450
5809
5599
5666
5383
5266
5813
5320
5643
5159
5291
5931
5902
5352
5244
5257
5161
5692
5868
6715
5785
5874
5966
5298
5931
6048
5609
5615
5816
6456
6123
5677
5787
16483
7983
9227
6367
6294
5798
6132
5605
6172
5798
5905
5388
5874
5424
5511
5949
6086
5808
5925
5750
5606
5690
5606
5954
5619
6267
6268
6024
5663
22220
10291
5621
5296
5313
18365
5800
6151
6022
6297
5727
6444
5797
5586
5905
6233
6180
6691
6770
7299
6532
7006
6924
5868
5692
5746
6620
5824
5919
7178
5726
5802
6369
6259
7238
6276
6391
5954
6361
7334
6465
7281
6160
7436
5957
5762
5964
6234
7192
6194
6499
6497
6482
6744
6063
6090
10610
5969
6656
6632
7574
6459
7003
6473
5859
6171
6942
6530
6584
6397
6154
6672
6134
6757
6315
6462
6698
6849
6414
6366
6266
6471
6480
6495
6352
6221
6414
6941
6023
6292
6520
6810
6352
6872
6026
6793
6945
6921
6944
6915
7562
6318
7394
6262
7452
6898
8244
7028
6546
6908
6633
6336
6585
6450
6700
6187
6261
7001
6430
6425
6276
7174
6531
7124
7298
6395
7208
6419
7010
6552
6627
6928
7338
6873
7190
7343
6880
6671
6286
7479
7214
7866
6598
6962
6692
7077
10308
6606
7573
8122
7296
6891
7200
6658
7450
7093
6496
6323
6418
7188
7005
6977
6988
8432
7385
6679
7442
25698
5588
6313
7612
7027
7033
7473
6964
6616
6443
6793
7825
6726
7743
6758
7010
7876
7665
7497
7147
7145
7105
7221
7485
6672
6980
7240
7650
8713
8053
7673
7517
7587
7511
7828
6896
6609
7329
7774
6678
7674
7408
9023
7977
8820
8006
7779
7738
7942
6868
7236
6845
7701
7504
7093
8029
6758
6856
7081
6790
7380
7601
7465
7813
7597
7906
7623
6643
7486
7957
8196
7854
7054
6655
6867
7948
7551
7102
7276
7278
7477
8022
8233
8134
7111
7525
8651
7795
7272
8399
8241
7265
8148
7916
6976
8115
7270
8175
8265
7994
7564
8280
8330
7250
6992
7329
7584
7466
8303
8007
8526
12532
10178
11160
11827
10953
10247
11588
11917
12825
10843
10591
8297
8513
8082
8605
9016
7337
7640
8098
7714
8200
8362
8720
9044
8286
7528
7683
7908
8406
8777
8412
8895
8651
9537
21866
6353
6293
6456
7243
6576
6166
7116
8617
8691
8273
7781
8326
7978
7659
7086
7629
7758
7355
9022
8049
8830
6927
7484
7204
7134
7480
8365
7414
7728
8156
8797
7759
8269
8611
7680
7199
7887
7593
7692
7861
9175
8183
7907
8302
8074
7733
7508
8720
8542
7909
7822
7953
8619
8037
7767
7755
7710
8066
8276
8714
7400
8514
8893
9065
7697
8332
8711
9084
7742
9548
9154
8420
9190
7906
9382
8343
9604
8554
8044
9349
9071
9002
7802
8900
9520
8799
7966
9867
9433
14915
8673
7587
8650
8693
9743
9117
8972
10021
8600
7698
9612
9414
8927
10350
8047
9027
8426
7919
8913
9837
9149
10489
8536
9544
9605
9603
9550
10042
9313
8079
9389
8831
8269
8112
8485
9684
8667
9998
9036
8687
9692
8883
10470
8078
8783
9273
8715
8045
8479
9724
8692
8218
8644
9382
8638
7987
8757
9771
6816
8459
7426
7451
6688
7708
7274
7365
7323
7520
7160
8251
7934
9032
9081
9580
7886
8441
9836
8055
9583
8149
8209
8565
9858
10134
9767
9000
8502
9925
8660
8124
8787
9554
9829
8953
8829
9177
8641
8580
9389
8957
10075
8665
8535
10458
8355
9334
8781
10042
8712
8798
9221
9363
9926
9917
9216
10866
9725
10970
9207
10195
9144
11321
9221
9765
10222
8375
10387
10679
9106
10270
9613
9561
10332
9702
9696
9960
9050
10126
11387
9735
9007
9093
9559
10476
9430
9081
8833
9381
11187
10289
10126
8799
8468
9774
10036
10118
8779
8739
9759
8710
10526
9663
10146
8974
8478
10247
9025
8943
8819
9671
9450
9629
9081
10003
9327
10137
8604
10277
10235
10176
9010
10446
9583
9377
10598
9807
10146
9211
9695
9489
10429
10343
10501
10056
8724
9956
9517
9616
10490
10312
9047
9991
9123
9302
10427
9291
9153
10705
9735
9807
10532
9609
8901
8987
9578
10304
10860
10801
8983
10403
9823
10434
10812
10161
11013
11489
10220
9102
9487
7642
7480
7.34277e+06