13234
6444
3860
4255
3558
3626
3278
3252
3647
3454
3410
3369
3547
3463
3512
3314
3535
3477
3393
3347
3551
3484
3480
3281
3602
3534
3421
3395
3577
3502
3409
3418
3656
3621
3561
3486
3669
3809
3566
3586
3654
3672
3505
3486
3593
3563
3912
3627
4943
5519
3950
13658
10237
4776
4029
3744
3873
3971
3330
3453
3487
3559
3888
3493
3473
3467
3336
3686
3502
3407
3553
3423
3370
3527
16649
3436
4291
3516
3896
4158
4723
4025
4327
4146
10884
4889
4152
4116
4079
3979
4049
4074
4044
4229
4372
4079
4273
4311
4169
4019
4203
428337