-7590717183
-7590817009
-7590842306
-7590860726
-7590878124
-7590895288
-7590912254
-7590929272
-7590946143
-7590962906
-7590981018
-7590997795
-7591014609
-7591031459
-7591048490
-7591066041
-7591083566
-7591100377
-7591118440
-7591135477
-7591152463
-7591170400
-7591187752
-7591204405
-7591222413
-7591239533
-7591257097
-7591274055
-7591290927
-7591309001
-7591325835
-7591343949
-7591360850
-7591377921
-7591395505
-7591412383
-7591429173
-7591446701
-7591463626
-7591481781
-7591498504
-7591516437
-7591533792
-7591551753
-7591569058
-7591585872
-7591602913
-7591619814
-7591636620
-7591653588
-7591672197
-7591689855
-7591706937
-7591724057
-7591741448
-7591758970
-7591776239
-7591793247
-7591810314
-7591827158
-7591843807
-7591861977
-7591878842
-7591895412
-7591913384
-7591943207
-7591956733
-7591970690
-7592005613
-7592033856
-7592048014
-7592061788
-7592091129
-7592108148
-7592124821
-7592142756
-7592159632
-7592176396
-7592193095
-7592209897
-7592226481
-7592244087
-7592260825
-7592277416
-7592294134
-7592310746
-7592328687
-7592345480
-7592363038
-7592379890
-7592396602
-7592414176
-7592430971
-7592448817
-7592465616
-7592482357
-7592500088
-7592516968
-7592533545
-7592550321
-7592567093
-7592583829
-7592601311
-7592617994
-7592635494
-7592652586
-7592669382
-7592686906
-7592703741
-7592720497
-7592737142
-7592753902
-7592772306
-7592789710
-7592807136
-7592823940
-7592841943
-7592858872
-7592875568
-7592893634
-7592910498
-7592927175
-7592943937
-7592960536
-7592977248
-7592994695
-7593011383
-7593028033
-7593045586
-7593062302
-7593079954
-7593096984
-7593114891
-7593131785
-7593148393
-7593165048
-7593181757
-7593198287
-7593215020
-7593232569
-7593249139
-7593265978
-7593282613
-7593299220
-7593316947
-7593333603
-7593350224
-7593366956
-7593383534
-7593400407
-7593417147
-7593433789
-7593450345
-7593467122
-7593485069
-7593501964
-7593520114
-7593537073
-7593553987
-7593571917
-7593588695
-7593606742
-7593623575
-7593641323
-7593658192
-7593674812
-7593692572
-7593709394
-7593727474
-7593744349
-7593760881
-7593778385
-7593795085
-7593813013
-7593829862
-7593846505
-7593863883
-7593880829
-7593897472
-7593915315
-7593932205
-7593949739
-7593966714
-7593983320
-7594001254
-7594017923
-7594036049
-7594052775
-7594069629
-7594087815
-7594104630
-7594122199
-7594138948
-7594157000
-7594173859
-7594190510
-7594208321
-7594225224
-7594242917
-7594259812
-7594276473
-7594293883
-7594310829
-7594327416
-7594344173
-7594360981
-7594377642
-7594395264
-7594412142
-7594429932
-7594446747
-7594463389
-7594481246
-7594498057
-7594514769
-7594531370
-7594548095
-7594564741
-7594581494
-7594598297
-7594628350
-7594661921
-7594689981
-7594703698
-7594717297
-7594745836
-7594762177
-7594778474
-7594795221
-7594829714
-7594859547
-7594876254
-7594893371
-7594911454
-7594928153
-7594944995
-7594961709
-7594978400
-7594994672
-7595010775
-7595028620
-7595045454
-7595062283
-7595078799
-7595094769
-7595110877
-7595126951
-7595144428
-7595160558
-7595176788
-7595192897
-7595209047
-7595225179
-7595242479
-7595258744
-7595274864
-7595292391
-7595308575
-7595326013
-7595342215
-7595358190
-7595375139
-7595391170
-7595408246
-7595424267
-7595440228
-7595457667
-7595474005
-7595490839
-7595507055
-7595524400
-7595540659
-7595556571
-7595573387
-7595589557
-7595606955
-7595623062
-7595639350
-7595656195
-7595672402
-7595688637
-7595704829
-7595721017
-7595751406
-7595769251
-7595786110
-7595804397
-7595821523
-7595838153
-7595855990
-7595872847
-7595889585
-7595908610
-7595925941
-7595944262
-7595961327
-7595979263
-7595996239
-7596013332
-7596031328
-7596048569
-7596065423
-7596083227
-7596100312
-7596117111
-7596133945
-7596150888
-7596167695
-7596184497
-7596202403
-7596219133
-7596236012
-7596254086
-7596271122
-7596287910
-7596306222
-7596323060
-7596339748
-7596356312
-7596373118
-7596389920
-7596406772
-7596424741
-7596441693
-7596458532
-7596475166
-7596491930
-7596508667
-7596525488
-7596542180
-7596559143
-7596575874
-7596593883
-7596610611
-7596627646
-7596644596
-7596661278
-7596681526
-7596699323
-7596716189
-7596732956
-7596749588
-7596781420
-7596795949
-7596810118
-7596823712
-7596837036
-7596850604
-7596864027
-7596877470
-7596891091
-7596906045
-7596919638
-7596934254
-7596947809
-7596961193
-7596974743
-7596988139
-7597001731
-7597015225
-7597029934
-7597043386
-7597057109
-7597070547
-7597084095
-7597097762
-7597111252
-7597124744
-7597139001
-7597152548
-7597167429
-7597180878
-7597195619
-7597209114
-7597222461
-7597236189
-7597249755
-7597281512
-7597293284
-7597304968
-7597317059
-7597328730
-7597340168
-7597351454
-7597362727
-7597374176
-7597398512
-7597409448
-7597420414
-7597431541
-7597442407
-7597453396
-7597464394
-7597475281
-7597486331
-7597497251
-7597508410
-7597519369
-7597530380
-7597541413
-7597552550
-7597563586
-7597574543
-7597585597
-7597596605
-7597607492
-7597618479
-7597629441
-7597640525
-7597651528
-7597662403
-7597673393
-7597684386
-7597695245
-7597706268
-7597717207
-7597728169
-7597739305
-7597750328
-7597761659
-7597773344
-7597803623
-7597830715
-7597843821
-7597856798
-7597869788
-7597882739
-7597897083
-7597910093
-7597923236
-7597936311
-7597949197
-7597962081
-7597975190
-7597989317
-7598002492
-7598015594
-7598028741
-7598041754
-7598054857
-7598068018
-7598080947
-7598093919
-7598106859
-7598119819
-7598132898
-7598146007
-7598158941
-7598171985
-7598185064
-7598198076
-7598211256
-7598224425
-7598237344
-7598250420
-7598263477
-7598276528
-7598289502
-7598303633
-7598316606
-7598329816
-7598342793
-7598355955
-7598368832
-7598381846
-7598394805
-7598407772
-7598420859
-7598433791
-7598446956
-7598459805
-7598474048
-7598487297
-7598501671
-7598514710
-7598527835
-7598541031
-7598554060
-7598567143
-7598580302
-7598593372
-7598606525
-7598619462
-7598632460
-7598645981
-7598659103
-7598671988
-7598685075
-7598698788
-7598711909
-7598724842
-7598738093
-7598751170
-7598764034
-7598777082
-7598789987
-7598802953
-7598815878
-7598829513
-7598842455
-7598856142
-7598869236
-7598883416
-7598896558
-7598909584
-7598922876
-7598935859
-7598948860
-7598962007
-7598975226
-7598988484
-7599001636
-7599014639
-7599027951
-7599040747
-7599053632
-7599066610
-7599080693
-7599093827
-7599107441
-7599120470
-7599133362
-7599146413
-7599159406
-7599172406
-7599185556
-7599199741
-7599212837
-7599225872
-7599238863
-7599251997
-7599264962
-7599277977
-7599290991
-7599303906
-7599316955
-7599329921
-7599342916
-7599355968
-7599368892
-7599382228
-7599395122
-7599408239
-7599421132
-7599433939
-7599446866
-7599459833
-7599472723
-7599485771
-7599499079
-7599513562
-7599526933
-7599541149
-7599559034
-7599574022
-7599587740
-7599601397
-7599615235
-7599628616
-7599641822
-7599655267
-7599668522
-7599681955
-7599696744
-7599710771
-7599728237
-7599745229
-7599760225
-7599773630
-7599786911
-7599800625
-7599814197
-7599827381
-7599840698
-7599853713
-7599867172
-7599881376
-7599897753
-7599911977
-7599925595
-7599939917
-7599954261
-7599985045
-7599998653
-7600011514
-7600024673
-7600056976
-7600070193
-7600083369
-7600096576
-7600109532
-7600122613
-7600135702
-7600148621
-7600161815
-7600174867
-7600187945
-7600201332
-7600214298
-7600227265
-7600240525
-7600253662
-7600266772
-7600280020
-7600293075
-7600306125
-7600319254
-7600332697
-7600345717
-7600358807
-7600371977
-7600385011
-7600398250
-7600411457
-7600424423
-7600437219
-7600450208
-7600465039
-7600479625
-7600492777
-7600507974
-7600521761
-7600534747
-7600547933
-7600568078
-7600587550
-7600601992
-7600614979
-7600627954
-7600641061
-7600654421
-7600667339
-7600680947
-7600694782
-7600708193
-7600721960
-7600735254
-7600749356
-7600767681
-7600790363
-7600810714
-7600830565
-7600850449
-7600871147
-7600888207
-7600907147
-7600924714
-7600942487
-7600961119
-7600978693
-7600996261
-7601013386
-7601034367
-7601054917
-7601073860
-7601092119
-7601110383
-7601128150
-7601146389
-7601164087
-7601182295
-7601239011
-7601262162
-7601282168
-7601311917
-7601341478
-7601357079
-7601370643
-7601383734
-7601396577
-7601410022
-7601423417
-7601436702
-7601449913
-7601463199
-7601476107
-7601489118
-7601502428
-7601515567
-7601528531
-7601541650
-7601554919
-7601569324
-7601604683
-7601619961
-7601633031
-7601646119
-7601659184
-7601672385
-7601685689
-7601698673
-7601711602
-7601724408
-7601737493
-7601750690
-7601763639
-7601777525
-7601793420
-7601812334
-7601826229
-7601841933
-7601855027
-7601869353
-7601882417
-7601900717
-7601913777
-7601926559
-7601939494
-7601952444
-7601965339
-7601978268
-7601991261
-7602004535
-7602018708
-7602032092
-7602045762
-7602087021
-7602110596
-7602128258
-7602141430
-7602154376
-7602167542
-7602180511
-7602196654
-7602213518
-7602231092
-7602249045
-7602266793
-7602284536
-7602303495
-7602322102
-7602344008
-7602361842
-7602379576
-7602395952
-7602413396
-7602430663
-7602449553
-7602467440
-7602490092
-7602507977
-7602526162
-7602546046
-7602561595
-7602577058
-7602614109
-7602629367
-7602646891
-7602662192
-7602677707
-7602706038
-7602729699
-7602746832
-7602765505
-7602780663
-7602796109
-7602833150
-7602850815
-7602865171
-7602876768
-7602887864
-7602929693
-7602942562
-7602955035
-7602967529
-7602980504
-7602993322
-7603005956
-7603020353
-7603032923
-7603045407
-7603057906
-7603070267
-7603082699
-7603095180
-7603107476
-7603120023
-7603132309
-7603144777
-7603157284
-7603169720
-7603182143
-7603195984
-7603208881
-7603221350
-7603235889
-7603248680
-7603261274
-7603273635
-7603286889
-7603299253
-7603311687
-7603324253
-7603336778
-7603349322
-7603361987
-7603374397
-7603386784
-7603399331
-7603412670
-7603425177
-7603437562
-7603450214
-7603464160
-7603476720
-7603491552
-7603504223
-7603518054
-7603530508
-7603547097
-7603559772
-7603572227
-7603584591
-7603597167
-7603609733
-7603622576
-7603635161
-7603647406
-7603659772
-7603673960
-7603686449
-7603701160
-7603716161
-7603728781
-7603741281
-7603774093
-7603787120
-7603800104
-7603891614
-7603908460
-7603921934
-7603935340
-7603948459
-7603961288
-7603974108
-7603986918
-7604000961
-7604014070
-7604026942
-7604039654
-7604052388
-7604065654
-7604078537
-7604091218
-7604104100
-7604116987
-7604129903
-7604143045
-7604157788
-7604170870
-7604184537
-7604197475
-7604211657
-7604224711
-7604238481
-7604251496
-7604265555
-7604278406
-7604291244
-7604304006
-7604317530
-7604330353
-7604343955
-7604356944
-7604371129
-7604383976
-7604397568
-7604410518
-7604424596
-7604437516
-7604450411
-7604463776
-7604476724
-7604490662
-7604503606
-7604538180
-7604551486
-7604565365
-7604578501
-7604592189
-7604605102
-7604618633
-7604631642
-7604645693
-7604658612
-7604671508
-7604684317
-7604697285
-7604710414
-7604723570
-7604736319
-7604749103
-7604762035
-7604774983
-7604788033
-7604802051
-7604814987
-7604828258
-7604841349
-7604859818
-7604874804
-7604888051
-7604900751
-7604916314
-7604931629
-7604944836
-7604958054
-7604971006
-7604984019
-7604997275
-7605010594
-7605023478
-7605036390
-7605049378
-7605067625
-7605081339
-7605094386
-7605107308
-7605120649
-7605134237
-7605148656
-7605161899
-7605175142
-7605191783
-7605292220
-7605338886
-7605358086
-7605375322
-7605392541
-7605407325
-7605438085
-7605451099
-7605464160
-7605477177
-7605490047
-7605503061
-7605516210
-7605529185
-7605542236
-7605555278
-7605568267
-7605581325
-7605594242
-7605607213
-7605620200
-7605633254
-7605646356
-7605659440
-7605672477
-7605685456
-7605698689
-7605711749
-7605724750
-7605737953
-7605751281
-7605766734
-7605781751
-7605796686
-7605809649
-7605822671
-7605836491
-7605849539
-7605862910
-7605875940
-7605888823
-7605901800
-7605914670
-7605927780
-7605942187
-7605955271
-7605968180
-7605981130
-7605997673
-7606017649
-7606033388
-7606047021
-7606060100
-7606074041
-7606087173
-7606101710
-7606114710
-7606127818
-7606140724
-7606153706
-7606166699
-7606179591
-7606192595
-7606205399
-7606221204
-7606235541
-7606248435
-7606261284
-7606278649
-7606294393
-7606307647
-7606320649
-7606333926
-7606346870
-7606359960
-7606373680
-7606387099
-7606400034
-7606413377
-7606427667
-7606446221
-7606459274
-7606472342
-7606485430
-7606498772
-7606511927
-7606524978
-7606538056
-7606550926
-7606563822
-7606577048
-7606590264
-7606603136
-7606616022
-7606685275
-7606703780
-7606717372
-7606730399
-7606743392
-7606757173
-7606770651
-7606803048
-7606818074
-7606831270
-7606844187
-7606858135
-7606872745
-7606885622
-7606898372
-7606911270
-7606924175
-7606937166
-7606949943
-7606962768
-7606975615
-7606988574
-7607001404
-7607014225
-7607026957
-7607039634
-7607052406
-7607065400
-7607078911
-7607093512
-7607106392
-7607119413
-7607132254
-7607145245
-7607157981
-7607170758
-7607183599
-7607197478
-7607210472
-7607223395
-7607236293
-7607249249
-7607261972
-7607274917
-7607287952
-7607321116
-7607335253
-7607348585
-7607361513
-7607374476
-7607387164
-7607400043
-7607412890
-7607425649
-7607438655
-7607451497
-7607464276
-7607477139
-7607490166
-7607502992
-7607518490
-7607531443
-7607544366
-7607557167
-7607570136
-7607583002
-7607595898
-7607608811
-7607621676
-7607634555
-7607657940
-7607671149
-7607684161
-7607697130
-7607710114
-7607738360
-7607751643
-7607764922
-7607777898
-7607790910
-7607803941
-7607816983
-7607829879
-7607842587
-7607856213
-7607869235
-7607883278
-7607896344
-7608037478
-7608072413
-7608102334
-7608113508
-7608124758
-7608153241
-7608166568
-7608177575
-7608188599
-7608200217
-7608230668
-7608243516
-7608256437
-7608269425
-7608282281
-7608295244
-7608308161
-7608321119
-7608334093
-7608346983
-7608359913
-7608378326
-7608394068
-7608407015
-7608419888
-7608432681
-7608446094
-7608458995
-7608473359
-7608486222
-7608499068
-7608511941
-7608524888
-7608537850
-7608550843
-7608563731
-7608576576
-7608591663
-7608605527
-7608618444
-7608631192
-7608643989
-7608656911
-7608671079
-7608684041
-7608698246
-7608711297
-7608724058
-7608736940
-7608749791
-7608762727
-7608775642
-7608789566
-7608804720
-7608817538
-7608830557
-7608843448
-7608872038
-7608902896
-7608923626
-7608940102
-7608953487
-7608992321
-7609007366
-7609021512
-7609037776
-7609050594
-7609063440
-7609076266
-7609089153
-7609102099
-7609114791
-7609127650
-7609140629
-7609153564
-7609166913
-7609180274
-7609193795
-7609207575
-7609220594
-7609234058
-7609247541
-7609261603
-7609275447
-7609290511
-7609305149
-7609319342
-7609334478
-7609348794
-7609363472
-7609380394
-7609395124
-7609410644
-7609425928
-7609440570
-7609467136
-7609483437
-7609499384
-7609510531
-7609527722
-7609543086
-7609558120
-7609574312
-7609588805
-7609604546
-7609620720
-7609636201
-7609650961
-7609668924
-7609690013
-7609705240
-7609719290
-7609734033
-7609748124
-7609762089
-7609776918
-7609792092
-7609806720
-7609821126
-7609836114
-7609850166
-7609864746
-7609879082
-7609894071
-7609908269
-7609921983
-7609936393
-7609950164
-7609964567
-7609978080
-7609992397
-7610013143
-7610028547
-7610042646
-7610056805
-7610071466
-7610085761
-7610101532
-7610119856
-7610133316
-7610147323
-7610161254
-7610175718
-7610189648
-7610203579
-7610218001
-7610232220
-7610246609
-7610260362
-7610274392
-7610288599
-7610302961
-7610317748
-7610335113
-7610349762
-7610363815
-7610379214
-7610394416
-7610408899
-7610422808
-7610436190
-7610449697
-7610463475
-7610477733
-7610492063
-7610506733
-7610521761
-7610540816
-7610556569
-7610571171
-7610585602
-7610767119
-7610842514
-7610890491
-7610990406
-7611002388
-7611013653
-7611025072
-7611036472
-7611048231
-7611059621
-7611071125
-7611100895
-7611131765
-7611145041
-7611157699
-7611170501
-7611183842
-7611197643
-7611210183
-7611225803
-7611239018
-7611252028
-7611265071
-7611278316
-7611291220
-7611304454
-7611318267
-7611331673
-7611344440
-7611357732
-7611370948
-7611383624
-7611397562
-7611411695
-7611424671
-7611437959
-7611450786
-7611464174
-7611477287
-7611490251
-7611503926
-7611517012
-7611529930
-7611543727
-7611557153
-7611570052
-7611583342
-7611595949
-7611609118
-7611623783
-7611636741
-7611650308
-7611663720
-7611678383
-7611691930
-7611704703
-7611717676
-7611748252
-7611761954
-7611776143
-7611789413
-7611803486
-7611858965
-7611875633
-7611889039
-7611901994
-7611915003
-7611927823
-7611941125
-7611954497
-7611967717
-7611981163
-7611994678
-7612009501
-7612022769
-7612036292
-7612050622
-7612065084
-7612078418
-7612091629
-7612107440
-7612121442
-7612135967
-7612149663
-7612165033
-7612178640
-7612193538
-7612207663
-7612223225
-7612283582
-7612302059
-7612316798
-7612330926
-7612347027
-7612362747
-7612377689
-7612392118
-7612406752
-7612420878
-7612436495
-7612453643
-7612471298
-7612497265
-7612513129
-7612528454
-7612545939
-7612562314
-7612580728
-7612595965
-7612648507
-7612716434
-7612737425
-7612755555
-7612773170
-7612792161
-7612810153
-7612823425
-7612836561
-7612850004
-7612863218
-7612876579
-7612889680
-7612902989
-7612932830
-7613010187
-7613040447
-7613055234
-7613068341
-7613081288
-7613094353
-7613107842
-7613120700
-7613134690
-7613148173
-7613161207
-7613174352
-7613187356
-7613200673
-7613213718
-7613226662
-7613300629
-7613320362
-7613335936
-7613384376
-7613401882
-7613417615
-7613433030
-7613447412
-7613462589
-7613476458
-7613487944
-7613499421
-7613510975
-7613522389
-7613534068
-7613545565
-7613557551
-7613568830
-7613580068
-7613591705
-7613603379
-7613614885
-7613626660
-7613638410
-7613650696
-7613662721
-7613675392
-7613687631
-7613699884
-7613713470
-7613741758
-7613755795
-7613771770
-7613788879
-7613803335
-7613818345
-7613833284
-7613849981
-7613865958
-7613882261
-7613899998
-7613915403
-7613948697
-7613981227
-7614005593
-7614019197
-7614034383
-7614047558
-7614061597
-7614076466
-7614090575
-7614105482
-7614118746
-7614132256
-7614145960
-7614159396
-7614173861
-7614187894
-7614206072
-7614221919
-7614236273
-7614250378
-7614264403
-7614278362
-7614293160
-7614307457
-7614322653
-7614336456
-7614350504
-7614363936
-7614377001
-7614391305
-7614404991
-7614418733
-7614435641
-7614449893
-7614465096
-7614479011
-7614491963
-7614506473
-7614523091
-7614537981
-7614552397
-7614567409
-7614581899
-7614596599
-7614612122
-7614628115
-7614643083
-7614656092
-7614672470
-7614703780
-7614719802
-7614735808
-7614752415
-7614768741
-7614785412
-7614800899
-7614816471
-7614831541
-7614845755
-7614866287
-7614881482
-7614896129
-7614910305
-7614926027
-7614942471
-7614957304
-7614989906
-7615003889
-7615029978
-7615042220
-7615076021
-7615093857
-7615108541
-7615122596
-7615138756
-7615153746
-7615168987
-7615184430
-7615198612
-7615213347
-7615226753
-7615240802
-7615256109
-7615270723
-7615292372
-7615307089
-7615321817
-7615337464
-7615351822
-7615368170
-7615383251
-7615399226
-7615413674
-7615427911
-7615442147
-7615456746
-7615470769
-7615484346
-7615498734
-7615512208
-7615525553
-7615539149
-7615552618
-7615566827
-7615580349
-7615595303
-7615609024
-7615622072
-7615635282
-7615648522
-7615661734
-7615674655
-7615687856
-7615700981
-7615714402
-7615727467
-7615740773
-7615753883
-7615767133
-7615780320
-7615793413
-7615806626
-7615819815
-7615833175
-7615846527
-7615860633
-7615874108
-7615888094
-7615901116
-7616046311
-7616073981
-7616093242
-7616106997
-7616118376
-7616129727
-7616141120
-7616165896
-7616176938
-7616187829
-7616198880
-7616209861
-7616220924
-7616231935
-7616242976
-7616268011
-7616281151
-7616294173
-7616307131
-7616320065
-7616333102
-7616346177
-7616359270
-7616372122
-7616385011
-7616397957
-7616410944
-7616423866
-7616436908
-7616449937
-7616462725
-7616475656
-7616488767
-7616502899
-7616515977
-7616529162
-7616542278
-7616555329
-7616568407
-7616581579
-7616596977
-7616609847
-7616622772
-7616635609
-7616648957
-7616662589
-7616676585
-7616689760
-7616702599
-7616715798
-7616729092
-7616745618
-7616760037
-7616773294
-7616786785
-7616801442
-7616814987
-7616828156
-7616841183
-7616854307
-7616868698
-7616882366
-7616898994
-7616918576
-7616932492
-7616945619
-7616958829
-7616971780
-7616984765
-7616997767
-7617010827
-7617023933
-7617036773
-7617049846
-7617062920
-7617075952
-7617089159
-7617102315
-7617115410
-7617128845
-7617141930
-7617154753
-7617167857
-7617176860
-7617189931
-7617203535
-7617217501
-7617230589
-7617243473
-7617256697
-7617270142
-7617283041
-7617296185
-7617309225
-7617322430
-7617335410
-7617348558
-7617361620
-7617374704
-7617388422
-7617401539
-7617416031
-7617429169
-7617442306
-7617455245
-7617468251
-7617481292
-7617494329
-7617507982
-7617520978
-7617534187
-7617547231
-7617560256
-7617573467
-7617586754
-7617599667
-7617612891
-7617625920
-7617638841
-7617673479
-7617688734
-7617704162
-7617721952
-7617738070
-7617751267
-7617764160
-7617777166
-7617789978
-7617803124
-7617816094
-7617829566
-7617842606
-7617856195
-7617869243
-7617883270
-7617896235
-7617909240
-7617922129
-7617935115
-7617948100
-7617961220
-7617974642
-7617987616
-7618000508
-7618013789
-7618026622
-7618039829
-7618053033
-7618066072
-7618079365
-7618092180
-7618105331
-7618118631
-7618131758
-7618144943
-7618157997
-7618171134
-7618184060
-7618197262
-7618210213
-7618223115
-7618235882
-7618248974
-7618261977
-7618275113
-7618288030
-7618301209
-7618315413
-7618328382
-7618341302
-7618354258
-7618367131
-7618380050
-7618393010
-7618406051
-7618419052
-7618432075
-7618445412
-7618458352
-7618471269
-7618485586
-7618498626
-7618511706
-7618524564
-7618537600
-7618551040
-7618564534
-7618578012
-7618591296
-7618616274
-7618660657
-7618672235
-7618683932
-7618696514
-7618708155
-7618720222
-7618731635
-7618743856
-7618783456
-7618797062
-7618809761
-7618822268
-7618834768
-7618847358
-7618859818
-7618872293
-7618884781
-7618897361
-7618909887
-7618923433
-7618936004
-7618948751
-7618961250
-7618973766
-7618986195
-7618998714
-7619011780
-7619024390
-7619036920
-7619050470
-7619063096
-7619076114
-7619088608
-7619102212
-7619114647
-7619127727
-7619140247
-7619154004
-7619166544
-7619179709
-7619192241
-7619206408
-7619219065
-7619231562
-7619244185
-7619257770
-7619270149
-7619283347
-7619295720
-7619309394
-7619321918
-7619335024
-7619347531
-7619361035
-7619373612
-7619386571
-7619399076
-7619411456
-7619423960
-7619436721
-7619449230
-7619461681
-7619475176
-7619487725
-7619500954
-7619513286
-7619526829
-7619539410
-7619552500
-7619565051
-7619577430
-7619589991
-7619602689
-7619615214
-7619627774
-7619640306
-7619652829
-7619665342
-7619677653
-7619689997
-7619702622
-7619716080
-7619742498
-7619755611
-7619768553
-7619781516
-7619794571
-7619807515
-7619820434
-7619833490
-7619846818
-7619859840
-7619872842
-7619886319
-7619899364
-7619912243
-7619925189
-7619938360
-7619951415
-7619964259
-7619977156
-7619990134
-7620002981
-7620015946
-7620028940
-7620041903
-7620054774
-7620067779
-7620080650
-7620093822
-7620106920
-7620121295
-7620134440
-7620147285
-7620160180
-7620173240
-7620186073
-7620199046
-7620211981
-7620224805
-7620237984
-7620250863
-7620263850
-7620276825
-7620291200
-7620304290
-7620318386
-7620331397
-7620345055
-7620358062
-7620372195
-7620384982
-7620398042
-7620410864
-7620423842
-7620436712
-7620449655
-7620463962
-7620477013
-7620489916
-7620502905
-7620515705
-7620528782
-7620541710
-7620554810
-7620567923
-7620580920
-7620593791
-7620606947
-7620619988
-7620633793
-7620646720
-7620660928
-7620673875
-7620687555
-7620700590
-7620714670
-7620727698
-7620742000
-7620754947
-7620769036
-7620782058
-7620794847
-7620807877
-7620821974
-7620834915
-7620847886
-7620860672
-7620873638
-7620887603
-7620900845
-7620914751
-7620928191
-7620941301
-7620955055
-7620968499
-7620983156
-7620996772
-7621010402
-7621023516
-7621037064
-7621051297
-7621065163
-7621079463
-7621094254
-7621110299
-7621124220
-7621138413
-7621156268
-7621172991
-7621186594
-7621200231
-7621217472
-7621231666
-7621250332
-7621288622
-7621305837
-7621323089
-7621338619
-7621351144
-7621363493
-7621378377
-7621389612
-7621401075
-7621412689
-7621424191
-7621449024
-7621479030
-7621504394
-7621531019
-7621544613
-7621558683
-7621571953
-7621586386
-7621599947
-7621613126
-7621626386
-7621640258
-7621654306
-7621668024
-7621681703
-7621695153
-7621708948
-7621722425
-1.52284e+13