-25579208277
-25579315674
-25579340168
-25579361254
-25579381248
-25579401431
-25579421184
-25579441145
-25579461012
-25579505896
-25579524319
-25579536985
-25579549002
-25579561047
-25579573038
-25579584854
-25579596734
-25579608677
-25579620847
-25579632663
-25579644701
-25579656722
-25579668410
-25579680870
-25579692719
-25579704516
-25579716290
-25579727945
-25579739908
-25579751823
-25579763897
-25579775811
-25579787579
-25579817259
-25579827123
-25579837002
-25579846785
-25579879386
-25579891204
-25579902986
-25579915342
-25579927928
-25579940236
-25579952343
-25579964640
-25579976917
-25579988871
-25580000710
-25580013184
-25580024952
-25580036768
-25580048780
-25580065596
-25580081012
-25580093347
-25580105516
-25580117599
-25580129566
-25580142095
-25580154104
-25580166520
-25580178648
-25580190718
-25580202616
-25580214566
-25580226534
-25580238340
-25580283882
-25580317323
-25580340218
-25580361001
-25580379724
-25580392910
-25580405530
-25580417573
-25580429620
-25580441663
-25580453601
-25580465504
-25580477249
-25580489306
-25580501193
-25580513031
-25580524904
-25580536637
-25580548592
-25580560478
-25580572414
-25580584195
-25580601308
-25580617179
-25580629411
-25580644801
-25580657464
-25580669495
-25580681741
-25580693934
-25580706279
-25580718585
-25580733991
-25580765749
-25580782096
-25580795837
-25580806659
-25580816806
-25580826780
-25580836730
-25580869975
-25580908996
-25580924093
-25580936512
-25580948676
-25580960536
-25580972778
-25580984768
-25580996770
-25581008683
-25581020373
-25581032521
-25581044267
-25581055984
-25581067781
-25581080287
-25581092404
-25581104553
-25581116282
-25581128300
-25581140130
-25581152185
-25581164170
-25581176174
-25581188151
-25581200105
-25581212019
-25581224012
-25581235985
-25581247914
-25581259784
-25581271826
-25581283549
-25581295684
-25581307475
-25581319502
-25581331353
-25581343103
-25581354914
-25581366593
-25581378286
-25581390257
-25581402025
-25581413890
-25581425899
-25581437706
-25581449385
-25581461227
-25581473158
-25581485061
-25581496937
-25581508761
-25581520603
-25581532502
-25581544276
-25581556262
-25581568062
-25581580022
-25581591825
-25581603635
-25581615436
-25581627287
-25581638954
-25581650843
-25581662437
-25581674365
-25581686052
-25581697950
-25581709758
-25581721819
-25581733583
-25581745343
-25581757084
-25581768991
-25581780887
-25581792583
-25581804302
-25581816163
-25581829015
-25581866030
-25581880208
-25581892326
-25581904052
-25581915766
-25581927366
-25581939057
-25581950645
-25581962352
-25581973943
-25581985631
-25581997548
-25582009315
-25582021035
-25582032728
-25582044504
-5.16731e+12